,5_v,5_t,5_dwell,30_v,30_t,30_dwell,59_v,59_t,59_dwell,92_v,92_t,92_dwell,121_v,121_t,121_dwell,150_v,150_t,150_dwell
0,0.0,7.655774255014088,0.0,0.0,4.888028312564438,0.0,0.0,5.05829161832775,0.0,0.0,5.445073422849617,0.0,0.0,4.938967024696944,0.0,0.0,6.06909954389075,0.0
1,3.9744300434620405,1.533335066180885,0.0,6.22486967329531,0.896741131142009,0.0,6.015339071168531,0.9279770609768896,0.0,5.588049387434597,0.9989347418071224,0.0,6.160668628266101,0.9060861748724643,0.0,5.013484946991824,1.2155482699473845,0.0
2,3.9744300434620405,4.706979633974147,0.0,7.3668631960607,2.539420208214855,0.0,7.118892818804742,2.627875113081391,0.0,6.613214015815513,2.386793585638875,0.0,7.290884044592947,2.1649468976415203,0.0,5.013484946991824,3.731448576993468,0.0
3,3.9744300434620405,1.8388716759956019,0.0,7.3668631960607,0.9920731036591516,0.0,7.118892818804742,1.026629705091613,0.0,9.062679688434873,0.806435523090907,0.0,9.991351645908939,0.7314792927081935,0.0,5.013484946991824,1.4577617989126546,0.0
4,3.9744300434620405,15.436763851213883,28.828275517622387,7.3668631960607,8.328149585770953,42.35558765864698,7.118892818804742,8.618241661489886,41.740984841031604,9.062679688434873,3.3848895019978227,0.0,9.991351645908939,3.070272213861352,0.0,5.013484946991824,6.118731712909265,0.0
5,4.214684867775986e-08,8.463273352696593,0.0,0.0,23.94411627320077,0.0,0.0,8.31880446667863,0.0,9.062679688434873,4.390850473793666,0.0,9.991351645908939,3.6893017830102344,0.0,5.013484946991824,4.4586712522985605,0.0
6,8.577758232780933,2.367551084708179,0.0,3.031889429777006,5.957169846485975,0.0,8.72672429371978,2.313540802570537,0.0,7.470771739107505,2.71836451675756,0.0,9.68606085755815,2.096650135388961,0.0,11.268476410137602,1.6356791965142599,0.0
7,8.577758232780933,4.609072998624833,0.0,3.786207529591877,9.067218363686194,0.0,8.829292687541974,4.428528929847283,0.0,7.470771739107505,5.292025407828291,0.0,9.68606085755815,4.081691664015556,0.0,13.56314198014737,2.914922952020362,0.0
8,8.577758232780933,2.75015234741054,0.0,4.934331068613819,4.5188160449939785,0.0,9.025626851532024,2.5971187945009286,0.0,7.470771739107505,3.157657972055878,0.0,9.68606085755815,2.435473231720911,0.0,13.56314198014737,1.9210017833182313,0.0
9,8.577758232780933,10.554763994801796,31.255186221758777,5.506519678358343,7.563143836331153,0.0,9.140767376834807,4.894242037802787,0.0,7.470771739107505,12.11872292336358,19.30025193081383,9.68606085755815,9.34706224572442,6.538069336362241,10.997107931390211,8.232729397248505,22.244405515943072
10,0.0,13.710154971397943,0.0,6.464191934524273,3.273746216285207,0.0,9.357748440767951,2.810925698983604,0.0,8.429369735551973e-08,6.815570940170294,0.0,0.0,12.850400739426112,0.0,0.0,6.955795809501362,0.0
11,3.1622051272722542,25.69341028660121,0.0,6.778838979291302,23.21618386744418,0.0,6.065755055581366,25.94545455741959,0.0,6.36106969648222,24.740928752605498,0.0,3.3737720111122336,46.647720009729206,0.0,6.232834248387704,25.24995305173323,0.0
12,9.088311281061095,14.11187341795732,0.0,6.778838979291302,18.919626026393093,0.0,6.065755055581366,16.353747382795454,0.0,6.36106969648222,20.162190402072447,0.0,3.3737720111122336,38.01474965080596,0.0,6.232834248387704,20.57701091834809,0.0
13,9.088311281061095,5.8842796352823346,0.0,6.778838979291302,7.8889858799751895,0.0,9.61910241216369,5.248464914616067,0.0,6.36106969648222,8.407102506647403,0.0,3.3737720111122336,11.723948809250839,0.0,6.232834248387704,8.580071739287488,0.0
14,9.088311281061095,1.5638552493118356,0.0,6.778838979291302,2.096642706470254,0.0,10.759490513675269,1.303791195532287,0.0,6.36106969648222,2.234341703900413,0.0,5.749120942507163,2.3729498341078514,0.0,6.232834248387704,2.2803114502754354,0.0
15,9.088311281061095,15.527241984759053,0.0,6.778838979291302,19.956267600171337,0.0,11.042778673247417,13.625972343099722,0.0,6.36106969648222,21.792257939120745,0.0,6.229896144140105,20.512590139691337,0.0,6.232834248387704,20.701133522539415,0.0
16,7.1981469677766485,27.050772854298344,0.0,5.893058560417357,33.04149052667693,0.0,7.516174180670619,25.906190292653555,0.0,5.243224774097178,37.13658044170159,0.0,6.098326502645743,31.92932331725855,0.0,5.983104459946246,32.544215114527994,0.0
17,7.1981469677766485,15.599593595628772,0.0,5.893058560417357,19.054310454870286,0.0,7.516174180670619,14.939537674325761,0.0,5.243224774097178,21.415859929113562,0.0,6.098326502645743,18.41294776365407,0.0,5.983104459946246,18.767542517539816,0.0
18,7.1981469677766485,10.882256689144638,0.0,5.893058560417357,13.2922627845032,0.0,7.516174180670619,10.421802516362728,0.0,5.243224774097178,14.939676699826682,0.0,6.098326502645743,12.844848985299404,0.0,5.983104459946246,13.092213835463836,0.0
19,7.1981469677766485,10.620072664055998,39.35648865155963,5.893058560417357,6.486007483262512,0.0,7.516174180670619,5.0853560605963555,0.0,5.243224774097178,14.579737903470896,7.77575278137374,6.098326502645743,12.535380444868505,32.15514030590566,5.983104459946246,12.776785756641988,18.47496628414956
20,0.0,15.30166474939688,0.0,5.893058560417357,19.452020440101524,0.0,7.516174180670619,13.617315772571311,0.0,5.960464477539063e-08,30.640056279929485,0.0,8.429369735551973e-08,35.44789682292407,0.0,0.0,20.50389291397977,0.0
21,11.615359963460499,6.695055700167856,0.0,3.244004843959352,23.972060978168543,0.0,5.535909436457577,14.047462810849336,0.0,5.800718531792421,13.406180890634975,0.0,5.013960123057701,15.509792663736505,0.0,8.668321905995628,8.971226816009173,0.0
22,11.615359963460499,0.9612361820467266,0.0,3.244004843959352,3.4417655957467725,0.0,5.535909436457577,2.0168509605387825,0.0,5.800718531792421,1.924779525705613,0.0,5.013960123057701,2.2268035625234046,0.0,8.668321905995628,1.2880352605101797,0.0
23,11.615359963460499,43.53867397792939,0.0,3.244004843959352,155.89291474921646,0.0,5.535909436457577,91.35217553504786,0.0,5.800718531792421,87.18184959564552,0.0,5.013960123057701,100.86186530677773,0.0,8.668321905995628,58.34086182650997,0.0
24,11.615359963460499,35.85638951141519,0.0,3.244004843959352,128.38602011975158,0.0,5.535909436457577,43.481666120153335,0.0,5.800718531792421,71.7988416232365,0.0,5.013960123057701,83.06505455634714,0.0,8.668321905995628,48.04677026092748,0.0
25,11.615359963460499,5.434070031775299,0.0,3.244004843959352,18.536565903961773,0.0,13.620894261646356,7.93092949854007,0.0,5.800718531792421,6.816600531369285,0.0,5.013960123057701,8.235334831495702,0.0,8.668321905995628,7.308485759487429,0.0
26,12.945061542178012,10.989468101970925,0.0,3.95598306982327,35.96055351727557,0.0,3.20727833730661,44.355159089585456,0.0,13.778403034357266,10.32480618697854,0.0,11.192187313854737,12.710593283201566,0.0,9.593060118085935,14.829401582463994,0.0
27,12.945061542178012,2.1872958202061503,0.0,3.95598306982327,7.157431794768089,0.0,3.20727833730661,8.82825748989883,0.0,13.778403034357266,2.055004410374193,0.0,11.192187313854737,2.5298610726847635,0.0,9.593060118085935,2.9515794391963905,0.0
28,12.945061542178012,1.006099377273048,0.0,3.95598306982327,3.292233087571938,0.0,3.20727833730661,4.060769595470724,0.0,13.778403034357266,1.0122263010909143,0.0,11.192187313854737,1.16367051328959,0.0,9.593060118085935,1.3576500299202972,0.0
29,12.945061542178012,3.06452282048138,0.0,3.95598306982327,20.05591824249776,25.57652766019237,3.20727833730661,24.737757273573344,21.378178185987053,11.955009231872344,6.636621643549729,8.203033011486696,11.192187313854737,3.5444757486709166,0.0,9.593060118085935,8.270653061118594,8.131443049875088
30,12.945061542178012,0.4367731004475736,0.0,0.0,8.435485003372191,0.0,0.0,6.469531382900508,0.0,0.0,2.8902502854862737,0.0,11.192187313854737,0.492253819252973,0.0,1.1920928955078125e-07,3.479723346137776,0.0
31,12.570393718272468,6.357472463796668,0.0,1.3211409301282777,21.0655835274701,0.0,1.7226076888496118,16.156089860345713,0.0,3.855882156435204,7.21770103080806,0.0,11.447483659852933,5.466765302359001,0.0,3.202686817327711,8.689767748942232,0.0
32,7.116897678545501,1.4922517038577459,0.0,4.620370862260353,2.2985606574869624,0.0,6.024403749184879,1.7628637005658374,0.0,13.485015230110996,0.7875558540917825,0.0,11.447483659852933,0.9277325045884537,0.0,11.200622518211969,0.948179681059918,0.0
33,7.116897678545501,15.3249686561564,0.0,4.620370862260353,15.582750999282718,0.0,6.024403749184879,18.104071107043428,0.0,13.485015230110996,8.087957780666471,0.0,11.447483659852933,9.52752911413051,0.0,11.200622518211969,9.737515363582943,0.0
34,2.2792831928614907,7.220489003552598,84.0,4.620370862260353,3.561952130965758,61.0,1.9293971661167895,8.529886633273806,47.0,4.318759374907135,3.8107099521243133,61.0,3.6662122015771095,4.488976215879321,88.0,3.5871515663780027,4.587913055588532,70.0
35,8.429369691143052e-08,11.974811131310794,0.0,0.0,14.480841047760732,0.0,8.68879541648937e-08,12.825680277318895,0.0,1.3328003767298924e-07,35.33708008015254,0.0,1.0323827348557302e-07,12.299752851017708,0.0,7.300048254776925e-08,30.717982356051706,0.0
36,10.740677672647397,3.16861840048109,0.0,8.881914188370256,3.831731334642819,0.0,10.028129788537798,3.3937643034982417,0.0,3.6397343119516146,8.735796380741707,0.0,10.456924447973208,3.254600248525593,0.0,4.18704535435981,8.128192084604379,0.0
37,10.740677672647397,4.227885590864646,0.0,8.881914188370256,5.112676772735169,0.0,10.028129788537798,4.528297631350146,0.0,4.1519099581034515,10.202308755181559,0.0,10.456924447973208,4.342611118043329,0.0,4.18704535435981,10.845441719665988,0.0
38,10.740677672647397,3.1099309230379175,0.0,8.881914188370256,3.7607620294604702,0.0,10.028129788537798,3.3309067924837383,0.0,4.750066537215704,6.750808905025433,0.0,10.456924447973208,3.1943202606788743,0.0,4.18704535435981,7.977646001318817,0.0
39,10.740677672647397,28.460955625616954,29.19136712821637,8.881914188370256,34.41712451215682,26.452531984665256,10.028129788537798,30.483246335690374,27.415661975530384,5.1458632982987975,25.885365711063127,0.0,10.456924447973208,29.233256121451856,13.476854082422506,4.18704535435981,36.504255956048944,0.0
40,0.0,32.35546881666777,0.0,1.1920928955078125e-07,33.41032946443504,0.0,0.0,42.52868246437318,0.0,6.6635101539612815,19.468074935418645,0.0,0.0,86.07494260599734,0.0,4.18704535435981,19.55790750606801,0.0
41,9.623849730825029,4.52061861783619,0.0,9.319996865360142,4.668000955035116,0.0,7.3217450393121455,5.941992521568691,0.0,9.331094905602086,4.662449016814307,0.0,3.617593697242963,12.026158244797362,0.0,11.734093947756033,3.7076364363645857,0.0
42,9.623849730825029,1.743548552426836,0.0,9.319996865360142,1.80039215778266,0.0,7.3217450393121455,2.2917554731637813,0.0,9.331094905602086,1.7982508415898137,0.0,3.617593697242963,4.638345450386389,0.0,11.734093947756033,1.4299910450403566,0.0
43,9.623849730825029,5.47674307555078,0.0,9.319996865360142,5.655297221111296,0.0,7.3217450393121455,7.198741842339391,0.0,9.331094905602086,5.648571031229511,0.0,3.617593697242963,14.56972694683941,0.0,11.734093947756033,4.491812713287223,0.0
44,9.623849730825029,9.625079454812026,53.0,9.319996865360142,9.93887857192709,89.0,7.3217450393121455,12.651399061700262,36.0,9.331094905602086,9.927057784478217,46.0,3.617593697242963,25.605506331724747,52.0,11.734093947756033,7.894117665393021,51.0
45,0.0,4.776177235860853,0.0,1.1920928955078125e-07,15.416729406274413,0.0,0.0,3.7001146768152204,0.0,0.0,8.099536397021328,0.0,0.0,16.368636992529165,0.0,0.0,12.036633216552385,0.0
46,3.2329166391891406,83.31457034524821,0.0,1.0015730712267226,76.93908059701435,0.0,4.17310926990549,64.54397508794375,0.0,1.9064032928118577,40.42172584440484,0.0,0.9433273439064224,81.68968253564785,0.0,1.2828323817574685,60.070288485655404,0.0
47,3.2329166391891406,139.27168994988082,0.0,6.0000458372919026,51.72476330409115,0.0,4.17310926990549,63.41117604895234,0.0,11.420541815511879,39.42490392140646,0.0,5.651117692368708,79.67517017297043,0.0,7.6849640962090655,58.58892223440153,0.0
48,3.2329166391891406,32.59605252630508,0.0,11.409555871657753,8.87514228270589,0.0,10.027976149465143,10.04418472051566,0.0,11.420541815511879,9.227261042995591,0.0,5.651117692368708,18.64769525619346,0.0,7.6849640962090655,13.712532585045937,0.0
49,3.2329166391891406,40.92167481844921,0.0,12.337741293260732,10.27540150736059,0.0,10.95537362285261,11.516985200094219,0.0,11.420541815511879,11.584070665050325,0.0,5.651117692368708,23.410654427301214,0.0,7.6849640962090655,17.21496180955647,0.0
50,3.2329166391891406,15.80023699614606,0.0,13.412369459936338,6.6320073857569914,0.0,12.018757388962786,5.80826436695365,0.0,11.420541815511879,5.0600444192910405,0.0,5.651117692368708,9.380657556858074,0.0,7.6849640962090655,7.1234183722386435,0.0
51,3.9064650665051097,2.5286205988154467,0.0,3.5966470255063996,2.74643799229283,0.0,7.4025216419506545,1.3344058299996824,0.0,10.872527890726694,0.9085254261930024,0.0,6.3740438991499175,1.5497176034566003,0.0,8.15068068292361,1.2119193991261346,0.0
52,3.9064650665051097,6.483775335188316,0.0,3.5966470255063996,7.042292909578581,0.0,7.4025216419506545,3.421623477929638,0.0,10.872527890726694,2.329600080178567,0.0,6.3740438991499175,3.9737162540343656,0.0,8.15068068292361,3.107549274877905,0.0
53,3.9064650665051097,5.849284920839112,0.0,3.5966470255063996,6.353146985302475,0.0,7.4025216419506545,3.0867896525692338,0.0,10.872527890726694,2.1016296703899147,0.0,6.3740438991499175,3.5848556377750267,0.0,8.15068068292361,2.803450177500623,0.0
54,3.9064650665051097,28.435631952413125,51.0,3.5966470255063996,30.885099949572655,88.0,7.4025216419506545,15.006076069617093,73.0,10.872527890726694,10.21683310289249,47.0,6.3740438991499175,17.42736708809192,77.0,8.15068068292361,13.628653506059507,80.0
55,0.0,11.072329278359769,0.0,0.0,9.440505317430441,0.0,0.0,11.157450567109661,0.0,0.0,20.102937674368583,0.0,0.0,8.062723610306104,0.0,0.0,24.380191128007336,0.0
56,6.964211077545492,53.80532873975892,0.0,8.167999023549362,45.8755767918269,0.0,6.911080425656748,54.21897060397726,0.0,3.835759701573385,45.71348349548834,0.0,9.563770500085004,39.18032813910323,0.0,3.162815164562117,118.47409568503308,0.0
57,6.964211077545492,16.388361064997692,0.0,8.167999023549362,13.973067986738897,0.0,6.911080425656748,16.514350671997338,0.0,12.558163394547163,9.088272073385271,0.0,9.563770500085004,11.93378758625144,0.0,3.162815164562117,36.08557558167438,0.0
58,6.964211077545492,34.98060814689135,0.0,8.167999023549362,29.825216439607058,0.0,6.911080425656748,35.249530283495254,0.0,12.558163394547163,29.85781388543075,0.0,9.563770500085004,25.47241579601827,0.0,3.162815164562117,77.02389361396219,0.0
59,6.964211077545492,6.889213941868576,33.0,8.167999023549362,5.873891501604688,88.0,6.911080425656748,6.942176489717628,66.0,3.759999729560894,12.7600913564813,61.0,9.563770500085004,5.016634396351893,59.0,3.162815164562117,15.169378402858518,35.0
60,0.0,8.809810310712516,0.0,0.0,11.77195862074535,0.0,0.0,11.25411661903064,0.0,0.0,4.892446350011666,0.0,0.0,6.489190379709319,0.0,0.0,6.763561989825148,0.0
61,1.3013301561880906,31.539852649195605,0.0,0.973879725284074,42.14458963313452,0.0,1.0186914011749812,40.29067225539187,0.0,2.3433004692222386,17.515364296303773,0.0,1.7667029562693328,23.231840547093068,0.0,1.6950346348379288,24.21411370042683,0.0
62,5.960200202938003,13.668749740780852,0.0,4.460450031587815,18.264633479126758,0.0,4.6656912291954535,17.461182272226605,0.0,10.732510781979006,7.590813243412232,0.0,8.091646280857942,10.068221243387429,0.0,7.763399415980142,10.493919044177542,0.0
63,5.960200202938003,4.563397087375241,0.0,4.460450031587815,6.097761448653308,0.0,4.6656912291954535,5.829524267715146,0.0,10.732510781979006,2.534240197729886,0.0,8.091646280857942,3.361338261980573,0.0,7.763399415980142,3.5034601195804527,0.0
64,5.960200202938003,15.28249337142507,0.0,4.460450031587815,20.420970854669942,0.0,4.6656912291954535,19.522663549570826,0.0,10.732510781979006,16.973981567614246,17.386486945077195,8.091646280857942,11.256883572536568,0.0,7.763399415980142,11.732839599399453,0.0
65,5.960200202938003,18.153159203538895,0.0,4.460450031587815,27.934605612292046,0.0,4.6656912291954535,23.97647805015837,0.0,0.0,43.78275134672223,0.0,8.091646280857942,16.10563491160935,0.0,7.763399415980142,15.725367184680662,0.0
66,11.015534531557995,24.457754146288995,0.0,6.571143523352157,40.99974903993035,0.0,8.18703945909325,32.90752862606101,0.0,7.0384616259485355,38.277573947345985,0.0,11.042229342401038,24.398627035237805,0.0,11.833167812831999,22.767803146562812,0.0
67,11.015534531557995,10.158612555657319,0.0,6.571143523352157,17.02938719902995,0.0,8.18703945909325,13.668255534700393,0.0,7.0384616259485355,15.898722383739829,0.0,11.042229342401038,10.134053906113634,0.0,11.833167812831999,9.456685578160537,0.0
68,11.015534531557995,18.967672093581545,0.0,6.571143523352157,22.391727131096477,0.0,8.18703945909325,17.97221736249818,0.0,7.0384616259485355,20.905030180418755,0.0,11.042229342401038,18.921817365974434,0.0,11.833167812831999,17.657067848183555,0.0
69,4.499205705222432,13.09624802132964,76.0,6.571143523352157,8.966888883978582,60.0,8.18703945909325,7.197072166194282,80.0,7.0384616259485355,8.371533006210518,66.0,4.510108984123767,13.064587334968705,62.0,4.833161385116928,12.191339806770324,66.0
70,0.0,8.374551168440671,0.0,0.0,4.501870862946802,0.0,0.0,3.4931400211399724,0.0,0.0,3.7981274144207053,0.0,8.429369735551973e-08,2.5965516871871106,0.0,8.429369735551973e-08,4.650114426850735,0.0
71,1.0866129706502645,20.04300784117839,0.0,2.0213587195269787,15.174811714184354,0.0,2.6050761973269676,11.774602987475213,0.0,2.3958901137575155,12.802648084531945,0.0,3.504607957173807,23.50360859679305,0.0,1.9569186251593982,15.674508679760873,0.0
72,7.132805428357534,7.428989163441111,0.0,8.834912219719671,6.939950060534898,0.0,11.386212306962912,5.384920633929275,0.0,10.471906168191296,5.8550801171525535,0.0,3.504607957173807,17.495209262581508,0.0,8.553258809234833,7.168478232865389,0.0
73,9.373841235174135,1.4839280236506311,0.0,8.834912219719671,1.6120410054943846,0.0,11.386212306962912,1.2508321814289451,0.0,10.471906168191296,1.360042818316375,0.0,3.504607957173807,4.0638613368945204,0.0,8.553258809234833,1.6651244976656587,0.0
74,9.821484348197504,6.271087506714576,0.0,8.834912219719671,15.285500379705976,38.11229534702579,11.386212306962912,5.930244943210136,0.0,10.471906168191296,6.448016900761285,0.0,3.504607957173807,19.266927650913594,0.0,8.553258809234833,7.894421233083718,0.0
75,11.713226460218289,1.753253277749586,0.0,1.1920928955078125e-07,9.558081388622174,0.0,11.386212306962912,1.9372803740466686,0.0,10.471906168191296,2.5500496942187274,0.0,3.504607957173807,4.182718711449854,0.0,8.553258809234833,2.213603539964069,0.0
76,11.824850483043056,4.924324254150578,0.0,4.317624817717916,9.127901290437737,0.0,9.915923979326005,8.911299359666781,0.0,5.711390434323922,10.195310354797329,0.0,6.361752513045362,6.725016596733763,0.0,10.089741081054811,4.933836952996189,0.0
77,11.824850483043056,7.319046247585928,0.0,8.440926394126016,10.253214341071395,0.0,3.1527421455948526,27.451222954312204,0.0,5.711390434323922,15.153337624417855,0.0,10.95549784545464,7.899835203937219,0.0,13.514362009539589,6.404048337249582,0.0
78,11.824850483043056,3.346364059797355,0.0,8.440926394126016,4.687904244310121,0.0,3.1527421455948526,11.561790674404778,0.0,5.711390434323922,6.928304959003691,0.0,10.95549784545464,3.6119083976955095,0.0,13.514362009539589,2.928014999228274,0.0
79,11.824850483043056,11.84113191654941,0.0,8.440926394126016,33.176361912271744,13.196536823288625,3.692262366817293,31.608841846014922,0.0,5.711390434323922,49.03170815348415,12.641763014456956,10.95549784545464,12.780762356799604,0.0,13.514362009539589,20.72160159949062,9.91054333136708
80,11.824850483043056,9.021294181178373,0.0,0.0,36.93558212188421,0.0,5.167259607781012,7.872925695316104,0.0,0.0,10.419658326901976,0.0,10.95549784545464,7.831630452596531,0.0,1.6858739471103945e-07,18.529009223953295,0.0
81,3.955842004054471,14.705697752448904,0.0,3.854339396602308,15.092966882819935,0.0,12.915251877563604,4.504241761566087,0.0,13.662853890444799,4.257779328867064,0.0,7.222360541826491,8.054626535350877,0.0,7.683209850261319,7.571499152283108,0.0
82,3.955842004054471,38.98441940773729,0.0,3.854339396602308,40.0110597247219,0.0,12.915251877563604,11.94062688507904,0.0,13.662853890444799,11.287261434059216,0.0,7.222360541826491,21.352603889503854,0.0,7.683209850261319,20.071845856397942,0.0
83,3.955842004054471,26.373848687137613,0.0,3.854339396602308,27.068394271953817,0.0,12.915251877563604,11.747864756897862,0.0,13.662853890444799,11.105046835419898,0.0,7.222360541826491,14.445523432532935,0.0,7.683209850261319,13.57906141813989,0.0
84,3.955842004054471,8.644665898203193,61.0,3.854339396602308,8.872319891531747,85.0,4.84640619462302,7.056142254156758,65.0,5.126941414585261,6.670045302256049,24.0,7.222360541826491,4.734869198662472,61.0,7.683209850261319,4.450865297501469,90.0
85,0.0,3.7442797289542114,0.0,4.214684912184907e-08,7.489795872639991,0.0,1.3328003767298924e-07,5.312486576144457,0.0,1.4600096598371692e-07,6.890989704351202,0.0,0.0,6.718005261026323,0.0,8.429369735551973e-08,4.42575002402561,0.0
86,4.731273585502491,4.869352584525563,0.0,2.3652462315261946,9.740313272499527,0.0,3.334636392275254,6.908771017743519,0.0,2.5707788768072533,8.961579492311746,0.0,2.636974978436843,8.736616558766434,0.0,4.00275915022356,5.755589681277067,0.0
87,10.884189748125504,5.181917729691589,0.0,5.441196396643323,10.365546787455196,0.0,7.671256920280964,7.35224701965441,0.0,5.914019679897951,9.536825861579176,0.0,6.066302340729573,8.157007472972495,0.0,9.208258478346218,6.125042640991163,0.0
88,10.884189748125504,5.827224763941782,0.0,5.441196396643323,11.656373968571485,0.0,7.671256920280964,8.267826341213878,0.0,5.914019679897951,10.72445197490662,0.0,7.7625377126891575,7.430975950696804,0.0,9.208258478346218,6.887797533579782,0.0
89,10.884189748125504,2.1405543650050483,0.0,5.441196396643323,4.281815647982476,0.0,7.671256920280964,3.0370772504435863,0.0,5.914019679897951,3.9394863622258462,0.0,9.307796105245178,2.436755636252424,0.0,9.208258478346218,2.5301418210273288,0.0
90,10.884189748125504,21.089505461946775,0.0,5.441196396643323,29.73697400758613,0.0,7.671256920280964,27.834961750870633,0.0,5.914019679897951,29.51024911709663,0.0,9.814515158369574,14.541215678977773,0.0,9.208258478346218,17.369602942002967,0.0
91,3.8348510742507074,45.90976253570556,0.0,4.99756888387684,35.228549374605095,0.0,3.4808076881214998,50.579382130030496,0.0,4.604945801768617,38.232176828449816,0.0,11.53289476051986,15.265647162699798,0.0,8.663036153695906,20.32279434774542,0.0
92,3.8348510742507074,13.776280799763763,0.0,4.99756888387684,10.571136977139743,0.0,3.4808076881214998,15.177507624003328,0.0,4.604945801768617,11.472444519078401,0.0,11.53289476051986,4.5808087493353735,0.0,8.663036153695906,6.098322145592644,0.0
93,3.8348510742507074,44.82339811894823,0.0,4.99756888387684,34.394934901762085,0.0,3.4808076881214998,49.38252033130299,0.0,4.604945801768617,37.327487407560305,0.0,11.53289476051986,21.60033227120061,0.0,8.663036153695906,19.84189530995804,0.0
94,3.8348510742507074,15.131336105819445,66.0,4.99756888387684,11.610929607684865,75.0,3.4808076881214998,16.670389667969722,11.0,4.604945801768617,12.600890926206432,53.0,4.382698969229884,13.239882758921599,56.0,8.663036153695906,6.698162109769615,61.0
95,0.0,6.703077350959148,0.0,0.0,13.029588291641517,0.0,0.0,11.968404088647691,0.0,5.960464477539063e-08,14.53348573105517,0.0,0.0,11.32111541833125,0.0,0.0,5.5523575567843535,0.0
96,3.3808067303196534,18.655633811932624,0.0,1.739257489548881,36.26322883687553,0.0,1.8934695765721326,33.309799708502474,0.0,1.5592823755479996,40.44879448316398,0.0,2.001729351268844,31.508301714106157,0.0,4.081475083369901,36.957000992777424,0.0
97,12.790080866285848,11.011755553740084,0.0,6.579862652048208,21.40489117478255,0.0,7.163269282748925,19.661587251967685,0.0,5.898990763884209,23.875481357656955,0.0,7.572831669299756,18.598227210447327,0.0,4.081475083369901,34.5074369278818,0.0
98,12.790080866285848,19.83389277998114,0.0,6.579862652048208,38.55355437704101,0.0,7.163269282748925,25.66512013786661,0.0,5.898990763884209,43.00347342503167,0.0,7.572831669299756,33.4983139236553,0.0,4.081475083369901,31.51083858355265,0.0
99,12.790080866285848,12.245689614993909,3.007965759923536,6.579862652048208,11.901719589120491,0.0,12.60496801257733,5.918187432062196,0.0,5.898990763884209,26.550873989855134,1.6515175919703324,7.572831669299756,20.682271477677194,30.81795225405949,12.019466938630794,6.122574659871209,0.0
100,0.0,14.297363506489766,0.0,6.579862652048208,14.606788826785177,0.0,13.859783608956468,5.6315143654673,0.0,0.0,14.917786207968879,0.0,0.0,12.126063504532642,0.0,13.561823472698157,7.424162079739686,0.0
101,10.116489179579691,3.3891047832475114,0.0,3.3223222104240646,10.319842476629907,0.0,11.824093555036047,2.8996592177319505,0.0,9.695749838046144,3.5361722858862863,0.0,11.92795363110676,2.8744110623277077,0.0,5.920391712856192,5.791144155839074,0.0
102,10.116489179579691,5.419087258532908,0.0,3.3223222104240646,16.501150141951097,0.0,11.824093555036047,4.63647698311697,0.0,9.695749838046144,5.654244233800686,0.0,11.92795363110676,4.596105862717002,0.0,5.920391712856192,9.259883513298536,0.0
103,10.116489179579691,3.2126581583645444,0.0,3.3223222104240646,9.782561545297828,0.0,11.824093555036047,2.7486945485931797,0.0,9.695749838046144,3.3520689002566915,0.0,11.92795363110676,2.7247608853898333,0.0,5.920391712856192,5.489640394267741,0.0
104,10.116489179579691,14.050652583978211,39.63113370939027,3.3223222104240646,21.39215672487493,0.0,11.824093555036047,12.021494431707046,14.941558981932758,9.695749838046144,14.660369461480789,17.879358910606243,11.92795363110676,5.9584099346746004,0.0,5.920391712856192,24.009099688992436,2.1184819427580805
105,0.0,22.15429730665896,0.0,3.3223222104240646,4.871551680758458,0.0,0.0,9.288186781899716,0.0,0.0,7.531065943443659,0.0,11.92795363110676,2.6110525525926316,0.0,0.0,17.628124870587282,0.0
106,3.0430311268894554,26.870059821930298,0.0,10.516434045576553,7.7751097059281635,0.0,7.258275256684468,11.26526971324397,0.0,8.951749567034021,9.13412822903705,0.0,13.891601870212371,5.8860330999585155,0.0,3.8243554997168827,21.380446568204448,0.0
107,3.0430311268894554,3.8648306095460367,0.0,10.516434045576553,1.1183258311737896,0.0,7.258275256684468,1.6203298206654115,0.0,8.951749567034021,1.3137990240828907,0.0,13.891601870212371,0.8466122161348655,0.0,3.8243554997168827,3.075237081352502,0.0
108,3.0430311268894554,44.33758276580913,0.0,10.516434045576553,18.786653608040584,0.0,7.258275256684468,18.588526843638267,0.0,8.951749567034021,15.071986033239519,0.0,13.891601870212371,14.222161378645325,0.0,3.8243554997168827,35.27931554934756,0.0
109,3.0430311268894554,13.69951096105234,51.0,3.8470228278337677,10.836441499464128,62.0,7.258275256684468,5.743518508650273,83.0,8.951749567034021,4.656971016165058,57.0,5.081694924180491,8.203569400749338,58.0,3.8243554997168827,10.900670264762706,70.0
110,0.0,9.605601792806995,0.0,4.214684867775986e-08,16.191018089866674,0.0,0.0,10.986542645256826,0.0,0.0,8.270933995857405,0.0,1.5769906713813953e-07,24.174481735052705,0.0,0.0,26.98261711572172,0.0
111,8.816739312725545,0.5881838653539342,0.0,5.230683197101252,0.9914314465939765,0.0,7.708529396697086,0.6727435989280801,0.0,10.239482867526986,0.5064575893010285,0.0,3.5032843336589754,1.4802863013292926,0.0,3.138690609061891,1.6522379726770455,0.0
112,8.816739312725545,10.897574931473091,0.0,5.230683197101252,18.36874337274671,0.0,7.708529396697086,12.464255160375927,0.0,10.239482867526986,9.383391578924185,0.0,3.5032843336589754,27.426000335901975,0.0,3.138690609061891,30.611834449145793,0.0
113,8.816739312725545,20.103917981853993,0.0,5.230683197101252,22.71001333089586,0.0,7.708529396697086,22.99413998296092,0.0,10.239482867526986,17.31054256387767,0.0,3.5032843336589754,50.59566598903315,0.0,3.138690609061891,56.472913736279295,0.0
114,8.816739312725545,22.488361712477374,14.390078251035447,10.37925955614943,8.72085408116066,0.0,7.708529396697086,12.860690579590106,0.0,10.239482867526986,9.68183771360115,0.0,3.5032843336589754,28.298305804671244,0.0,3.138690609061891,31.58546787261272,0.0
115,0.0,3.370501175189296,0.0,12.356360251721826,0.5905968719490478,0.0,7.708529396697086,1.035890013635244,0.0,10.239482867526986,0.6663632842254308,0.0,3.5032843336589754,1.5147492414116233,0.0,3.138690609061891,1.629922094962233,0.0
116,4.124453079820073,4.195998541968139,0.0,11.181647842818164,3.7860074435340456,0.0,5.7113064638324404,4.916318384076643,0.0,10.622221673571046,2.643383072591776,0.0,5.67412508335557,3.447543716491413,0.0,5.390228653713536,3.573169751060412,0.0
117,9.259060133730703,1.9164133620521888,0.0,3.6511814022428233,4.859847979458502,0.0,5.7113064638324404,3.106852464089174,0.0,10.622221673571046,1.6704779005389456,0.0,10.614922003079034,1.6716266549277752,0.0,10.326125687919566,1.7183779373405261,0.0
118,9.259060133730703,7.268774226881345,0.0,3.6511814022428233,18.432942724747793,0.0,5.7113064638324404,11.783996900079636,0.0,10.622221673571046,6.3359643333992155,0.0,10.614922003079034,6.340321449906483,0.0,10.326125687919566,6.517644632579117,0.0
119,2.369805313190561,2.5003544536263624,53.0,0.9344997182744574,6.340668896979296,82.0,1.461777351887255,4.053526474483614,86.0,2.7186989820071457,2.1794811597695958,41.0,2.7168306716531054,2.1809799835328643,79.0,2.642914849505937,2.241976669530968,27.0
120,1.1151007983656314e-07,13.655698207499663,0.0,3.942476678453488e-08,12.935571123946081,0.0,8.68879541648937e-08,8.933315971821553,0.0,1.5485741000631492e-07,4.208767037087101,0.0,1.0745380141230498e-07,10.464538023947503,0.0,5.1619136520741904e-08,5.849970883018379,0.0
121,0.8234614119383498,56.23757594150649,0.0,0.8693038314250668,47.197509499238926,0.0,1.2587645292041771,36.78962396411096,0.0,2.671789932503262,17.332752521226247,0.0,1.0745759535214896,43.095579737311546,0.0,1.9222218319704223,24.09163860204005,0.0
122,4.214680719369552,8.413256332377207,0.0,5.13382861602113,6.5315517214579915,0.0,6.442670554501177,5.503802957363762,0.0,13.674886705644823,2.5930152120782757,0.0,5.499947522913514,6.447186832866368,0.0,9.83841036884381,3.6041583875659273,0.0
123,4.214680719369552,16.35011211815083,0.0,5.723986115718818,11.071444290615984,0.0,6.442670554501177,10.695953133247887,0.0,13.674886705644823,5.039200966502733,0.0,5.499947522913514,12.52930178275528,0.0,9.83841036884381,7.0042313463693215,0.0
124,4.214680719369552,14.316953307040963,0.0,6.724345013456161,8.489373137679321,0.0,6.442670554501177,9.365896727583275,0.0,13.674886705644823,8.825138863986568,7.644341961058672,5.499947522913514,10.971265964249556,0.0,9.83841036884381,12.266491191379504,18.933553023452987
125,4.214680719369552,20.140599393101205,0.0,7.491401210603625,9.561589681056217,0.0,6.442670554501177,9.795556543548372,0.0,1.7763568394002505e-15,29.641012494013076,0.0,5.499947522913514,8.805785616622655,0.0,0.0,15.202110335982624,0.0
126,3.4786361686695297,4.34737912487927,0.0,8.713855301623001,1.7355062414115585,0.0,9.37552341511337,1.6130246380000157,0.0,5.227487201305006,2.8929674392982876,0.0,12.096212569115105,1.2502219332137805,0.0,10.192533143205853,1.4837283382104658,0.0
127,3.4786361686695297,4.4389809075460676,0.0,8.713855301623001,1.7720743577354523,0.0,9.37552341511337,1.6470119963789267,0.0,5.227487201305006,2.953923929869853,0.0,12.096212569115105,1.2765648295938363,0.0,10.192533143205853,1.5149913490657931,0.0
128,3.4786361686695297,1.7931751612764257,0.0,8.713855301623001,0.7158489275825097,0.0,9.37552341511337,0.6653286111707251,0.0,5.227487201305006,1.1932700612291822,0.0,12.096212569115105,0.5156824036560658,0.0,10.192533143205853,0.6119974186136439,0.0
129,3.4786361686695297,25.138380321683478,44.0,8.713855301623001,10.035429322826946,73.0,9.37552341511337,9.32718889656077,64.0,5.227487201305006,16.728358318495335,46.0,12.096212569115105,7.229310704414622,59.0,10.192533143205853,8.579543157464043,31.0
130,0.0,13.839076348337393,0.0,0.0,8.862207646889182,0.0,1.1920928955078125e-07,7.965481083259595,0.0,0.0,13.903436530601134,0.0,0.0,9.123030495812321,0.0,1.1920928955078125e-07,9.993200777968458,0.0
131,6.132350202321941,3.9479649518789057,0.0,9.57617627865731,2.52818066072705,0.0,10.654229268521192,2.272365561246734,0.0,6.103963035173888,3.9663254072646663,0.0,9.302398219937011,2.602587322001194,0.0,8.492380303265143,2.850826600653551,0.0
132,6.132350202321941,13.923485273533258,0.0,9.57617627865731,8.916261068050222,0.0,10.654229268521192,8.01406517376639,0.0,6.103963035173888,13.988238009004563,0.0,9.302398219937011,9.17867475842766,0.0,8.492380303265143,10.05415262683773,0.0
133,6.132350202321941,4.008836054599886,0.0,9.57617627865731,2.567161033291672,0.0,10.654229268521192,2.3074016872469,0.0,6.103963035173888,4.0274795979004105,0.0,9.302398219937011,2.642714922460884,0.0,8.492380303265143,2.894781641025806,0.0
134,6.132350202321941,9.358465969513366,0.0,9.57617627865731,5.992933819469637,0.0,10.654229268521192,5.386536110230895,0.0,6.103963035173888,18.803976878082462,25.901011334244686,9.302398219937011,12.338622648634987,18.349790914042387,8.492380303265143,13.515501810370708,22.299165943812113
135,6.132350202321941,1.4408280569274565,0.0,9.57617627865731,0.9101269121536368,0.0,10.654229268521192,0.8336958787126144,0.0,8.429369824369815e-08,4.898807772744919,0.0,0.0,5.765361651801297,0.0,0.0,5.798608885170913,0.0
136,6.768228355689679,2.178361469825654,0.0,10.846816700416516,1.4557963603000412,0.0,11.641089698009557,1.2739525624523294,0.0,3.794293629453073,3.1493702369127865,0.0,3.2239981911928273,3.7064646808272945,0.0,3.2055128919825404,3.727838829347745,0.0
137,7.729600854052896,10.528500097567374,0.0,10.846816700416516,9.757846408923397,0.0,13.14908968341297,8.049345919506836,0.0,6.233588191635816,16.97923701960728,0.0,5.296658355186845,19.98270688626961,0.0,5.266289133895791,12.237678397866624,0.0
138,12.376125585150819,11.723182455876014,0.0,10.846816700416516,13.376051457197299,0.0,13.14908968341297,11.034039756727823,0.0,6.233588191635816,15.316217257126423,0.0,5.296658355186845,18.025514320940943,0.0,12.031366180671203,12.059110840184252,0.0
139,3.912112083059661,5.418517200855625,32.0,3.4286952232729533,6.182481937991966,70.0,4.156447207794566,5.099991894695194,87.0,6.233588191635816,3.400585091412338,48.0,5.296658355186845,4.002117117809267,54.0,3.8031331119969103,5.573784942457611,86.0
140,8.429369735551973e-08,4.302966330960937,0.0,1.2644054558919038e-07,3.846777766679258,0.0,0.0,2.830324877142564,0.0,0.0,3.2337706475139325,0.0,0.0,3.5836873629950348,0.0,1.7881393432617188e-07,2.618257513087022,0.0
141,2.2851584714528244,3.823340266829859,0.0,2.556154900620697,3.418000371523423,0.0,3.4741454614255285,2.514845304263101,0.0,3.04071048880477,2.8733213609649613,0.0,2.7438108658191647,3.1842349299045214,0.0,3.7555358130187346,2.3264159456836935,0.0
142,4.315603844646887,4.052411012446593,0.0,4.827390333948397,3.622785674159418,0.0,6.561048477595737,2.6655191780891263,0.0,5.742490965014412,2.523929893746063,0.0,5.1817853638767,2.797036849925268,0.0,7.092464262694488,2.0435273375153087,0.0
143,4.315603844646887,3.6069338540403986,0.0,4.827390333948397,3.2245367643912908,0.0,6.561048477595737,2.3725015385937027,0.0,8.115739082292492,2.2494381258218197,0.0,7.323305905028937,2.1255561094606836,0.0,10.023627334756807,1.8212820869376274,0.0
144,4.315603844646887,7.141684946465409,27.621293135565793,4.827390333948397,6.38454338267985,50.71602857288599,6.561048477595737,4.697523988962406,6.964918173747719,5.724248272057846,5.384232320742116,11.991090273404552,7.323305905028937,2.1042875589191388,0.0,7.0699329868704535,4.359402425660878,41.4340927960875
145,0.0,17.109218613975308,0.0,0.0,18.72300542347462,0.0,8.429369735551973e-08,12.597321837279944,0.0,8.429369735551973e-08,18.61402016472503,0.0,7.323305905028937,8.037154927247935,0.0,0.0,10.439766199706924,0.0
146,7.502393948938701,1.3726023468974742,0.0,6.855742189745978,1.5020698352783637,0.0,10.189475096112876,1.0106314058897028,0.0,6.895882538838397,1.493326413793197,0.0,8.647531955192644,1.190837292654244,0.0,12.29530391247279,0.8375395691696742,0.0
147,7.502393948938701,3.2574932187930083,0.0,6.855742189745978,3.5647486059109004,0.0,10.189475096112876,2.398454992318948,0.0,6.895882538838397,3.5439985057370533,0.0,8.647531955192644,2.8261239784961374,0.0,12.29530391247279,1.9876692424487157,0.0
148,7.502393948938701,18.25406475702015,0.0,6.855742189745978,19.975836486593067,0.0,10.189475096112876,13.440259059943836,0.0,6.895882538838397,19.859558831707144,0.0,8.647531955192644,15.836794323074843,0.0,12.29530391247279,11.138332647286342,0.0
149,7.502393948938701,5.6160693846307685,0.0,6.855742189745978,12.291583692584396,63.94275595615545,10.189475096112876,8.27009528373983,2.283237420822843,6.895882538838397,6.110017786812707,0.0,8.647531955192644,9.744737616788637,3.087384392885724,12.29530391247279,3.4268339577463873,0.0
150,7.502393948938701,0.7653512211669372,0.0,8.429369735551973e-08,5.38378105090782,0.0,0.0,3.4961909072090274,0.0,6.895882538838397,0.8338855051905846,0.0,0.0,6.208790184816861,0.0,12.29530391247279,0.4666365708646675,0.0
151,7.425120468501483,22.779335983110364,0.0,2.1220756985705576,22.08062546754016,0.0,3.267782478587602,43.74345867742288,0.0,6.804788976927856,26.7499967885232,0.0,1.8400994474436323,25.46425345597549,0.0,12.187970870738265,13.430319153386655,0.0
152,5.125210930525123,10.257563788707845,0.0,10.82539338730653,4.85637576109598,0.0,3.267782478587602,16.08802862336383,0.0,3.882622236536808,13.540379374465509,0.0,9.386941476103235,5.600565230355332,0.0,9.098806634151908,5.777920134396212,0.0
153,5.125210930525123,67.25303218439467,0.0,10.82539338730653,31.84050346535988,0.0,3.267782478587602,59.28749704910225,0.0,3.882622236536808,88.77659341122707,0.0,9.386941476103235,36.71973203837482,0.0,9.098806634151908,37.88254762648281,0.0
154,0.6362733554228175,9.532614041869332,72.0,1.343927004699447,4.513153234773033,62.0,3.267782478587602,1.856105417032146,46.0,0.48201120144481635,12.583417786329681,71.0,1.165349257058942,5.2047472332622915,31.0,1.1295785297293222,5.369567774232014,38.0
155,4.592846336581857e-08,5.273972938597638,0.0,5.575503991828157e-08,3.419054547168329,0.0,0.0,5.083199589128245,0.0,3.454692099058576e-08,5.399335079832559,0.0,8.429369691143052e-08,4.700419500055643,0.0,5.372690070615249e-08,3.3922311077671026,0.0
156,3.260972664933144,6.452111089290564,0.0,5.030127891408942,4.182827623373843,0.0,3.383357574109924,4.3540098195051256,0.0,3.1852591828015315,4.62479542641649,0.0,3.6588822410787314,4.026139987557655,0.0,5.0699026988335145,2.905612390541736,0.0
157,3.260972664933144,22.090518992597165,0.0,5.030127891408942,14.32102327101435,0.0,6.281369316965374,8.041871547216846,0.0,5.913589935197814,8.542013521601246,0.0,6.792894377871849,7.436294807146748,0.0,9.412523079482852,7.653269796072965,0.0
158,3.260972664933144,19.44443734437936,0.0,5.030127891408942,22.973993727612026,0.0,11.634007263247826,9.933131724215054,0.0,10.952826491532957,10.550895398155921,0.0,12.581425887057433,9.185137492658491,0.0,9.412523079482852,12.277486668607946,0.0
159,8.625421842616843,10.237668273440613,0.0,5.030127891408942,40.85860168746997,23.57006016368541,11.634007263247826,17.665795396343576,24.450711249461165,10.952826491532957,9.38223535774034,0.0,12.581425887057433,16.335508693297996,8.118411376490258,9.412523079482852,21.83516472858446,3.1791024327103514
160,11.449851790276506,7.6176223811138755,0.0,0.0,39.751212577240146,0.0,0.0,14.888771196840908,0.0,10.952826491532957,7.424954419322056,0.0,0.0,21.264793591555552,0.0,0.0,13.110760774133663,0.0
161,8.978135952187758,4.368395422363764,0.0,3.9146654036212443,10.018748462797408,0.0,10.451681644562683,3.7525107756511242,0.0,10.00524110591421,4.023180330833896,0.0,7.317855964983876,5.35949985659262,0.0,11.869082146256938,3.304387610735769,0.0
162,8.978135952187758,15.635451223873135,0.0,3.9146654036212443,35.859311662212086,0.0,10.451681644562683,13.431064161312493,0.0,9.491795949229319,16.653883594503053,0.0,7.317855964983876,19.182832708575017,0.0,11.869082146256938,11.827132463313784,0.0
163,8.978135952187758,7.057583982761327,0.0,3.9146654036212443,16.186299966428646,0.0,10.451681644562683,6.062560135878038,0.0,7.366398833405976,9.360793758829137,0.0,7.317855964983876,8.65881329099835,0.0,11.869082146256938,5.338571905595627,0.0
164,8.978135952187758,33.243526102260425,0.38136670875610434,3.9146654036212443,38.121380258974725,0.0,10.451681644562683,14.27831936650443,0.0,6.171758319442045,48.35978295837646,12.57293558587844,7.317855964983876,40.7858392272762,24.748221325018676,11.869082146256938,25.146417658784262,1.272729587435606
165,0.0,7.08591773360052,0.0,3.9146654036212443,3.632015665755413,0.0,10.451681644562683,2.0195320658963993,0.0,8.429369735551973e-08,6.300525551612452,0.0,0.0,8.895868011373597,0.0,0.0,6.925531909441502,0.0
166,5.769277792440158,1.8852061972364786,0.0,7.340965513658056,1.5285495654239567,0.0,9.790942134413516,1.2586218253681594,0.0,6.4884471864355,1.676252874589857,0.0,4.595462496436823,2.681578507243722,0.0,5.902886356467041,1.8425355988721042,0.0
167,7.30419234504822,6.713676591314892,0.0,8.782938794111828,7.672505358377931,0.0,9.790942134413516,6.882600676728945,0.0,8.214696531429574,8.203242165100562,0.0,4.595462496436823,14.663843957464191,0.0,7.473347425754652,6.561716239287489,0.0
168,12.770395414303607,2.550776384354981,0.0,8.782938794111828,3.2041758524504687,0.0,9.790942134413516,2.874297489587736,0.0,8.214696531429574,3.425821062284098,0.0,4.595462496436823,6.123884248748421,0.0,13.066140263961632,2.4930409733566017,0.0
169,9.295106344495125,6.82237850528983,83.0,8.782938794111828,7.220218201323622,78.0,9.790942134413516,6.476877676507292,74.0,8.214696531429574,7.719668559846571,86.0,4.595462496436823,13.799423799351503,76.0,9.510368263897325,6.667957831148208,88.0
170,1.1920928955078125e-07,19.464014609593622,0.0,0.0,8.333412884693693,0.0,0.0,10.059148053813873,0.0,0.0,9.06966792867004,0.0,0.0,10.095888659108706,0.0,0.0,10.052442997160627,0.0
171,3.406254859340097,16.493595157418167,0.0,7.955851652119742,5.346534239190971,0.0,6.590955447896923,6.453727930076503,0.0,7.310013683842588,5.818899266084904,0.0,6.566969873094796,6.477299893555981,0.0,6.595351665780441,7.069307943700881,0.0
172,3.406254859340097,1.8344842258826346,0.0,13.06015091684359,0.4784570139029976,0.0,10.819567357416922,0.5775388795478886,0.0,11.999957526827332,0.5207285771491875,0.0,10.78019316588589,0.5796483154466717,0.0,9.299100549447916,0.6629327622224168,0.0
173,3.406254859340097,12.96394124295155,0.0,13.06015091684359,3.3811621424720526,0.0,10.819567357416922,4.08135430893474,0.0,11.999957526827332,3.6798870126233085,0.0,10.78019316588589,4.09626127987609,0.0,9.552647817452074,4.259446886682143,0.0
174,3.406254859340097,11.232777912991157,0.0,13.06015091684359,2.929652543346063,0.0,10.819567357416922,7.07268656611957,5.830388891234179,11.999957526827332,6.376973295859698,1.2083337061776547,10.78019316588589,3.549259624687809,0.0,11.181728748233922,3.2420473937416205,0.0
175,3.406254859340097,13.018998604759414,0.0,13.06015091684359,8.26495965902022,0.0,0.0,24.659904365729513,0.0,0.0,35.95676100825987,0.0,10.78019316588589,7.793855644999781,0.0,12.421691993778577,9.818358321009354,0.0
176,9.764459526826492,2.7043491286395325,0.0,7.686412804135858,3.4354787188635707,0.0,6.953372960175914,3.797654428181448,0.0,4.768769694739695,5.53738370761279,0.0,11.220408337067967,2.3534355274551046,0.0,5.042481405788291,5.236808128374461,0.0
177,9.764459526826492,1.7790953554486628,0.0,7.686412804135858,2.2600795761705763,0.0,6.953372960175914,2.4983421272147566,0.0,4.768769694739695,3.642848303579423,0.0,11.220408337067967,1.5482417458242839,0.0,5.042481405788291,3.4451102928613992,0.0
178,9.764459526826492,1.0628061252476866,0.0,7.686412804135858,1.350139220893827,0.0,6.953372960175914,1.4924738618625422,0.0,4.768769694739695,2.1761854858060605,0.0,11.220408337067967,0.9932495428431815,0.0,5.042481405788291,2.058059625749274,0.0
179,9.764459526826492,6.167080565634717,45.220901659635274,7.686412804135858,7.834370871860614,35.191335558603896,6.953372960175914,8.660287344961764,18.89133787204628,4.768769694739695,12.627619372821371,0.05920212192722829,9.676107487420657,6.223391752408622,34.12486948960577,5.042481405788291,11.942177617689106,9.722525478704483
180,0.0,25.718038894796933,0.0,0.0,21.87381585184572,0.0,8.429369735551973e-08,36.70060361946126,0.0,0.0,39.89696004432185,0.0,1.6858739471103945e-07,39.3953496439258,0.0,0.0,24.1349329006251,0.0
181,6.899704350290888,9.900290196235527,0.0,8.112295817302844,8.420436936041089,0.0,4.834984829940404,14.12808472802395,0.0,4.447628707707392,15.35853818411915,0.0,4.504259000254389,15.16544127063976,0.0,7.3522833303085235,9.290865472297032,0.0
182,6.899704350290888,9.335885546922867,0.0,8.112295817302844,7.940397092587537,0.0,4.834984829940404,13.322658164930687,0.0,4.447628707707392,14.482964823546453,0.0,4.504259000254389,14.300876152611018,0.0,7.3522833303085235,8.761203455854645,0.0
183,6.899704350290888,3.3367959367138247,0.0,8.112295817302844,3.5290171181953025,0.0,4.834984829940404,4.761732714859648,0.0,4.447628707707392,5.176445012300698,0.0,4.504259000254389,5.1113635870577285,0.0,7.3522833303085235,3.131395296705904,0.0
184,6.899704350290888,3.92183084747157,27.787158577859373,4.935476222041059,5.482646796353446,32.753686204974656,4.834984829940404,2.7982997166651016,0.0,4.447628707707392,3.0420112758639952,0.0,4.504259000254389,6.007530507876289,0.019438837887719274,7.3522833303085235,3.6804176530924164,11.00118522142293
185,0.0,11.440637869943135,0.0,8.429369735551973e-08,10.417556112669562,0.0,4.834984829940404,13.125265427550602,0.0,4.447628707707392,15.631277617615796,0.0,0.0,10.703841106447351,0.0,0.0,13.629646057206568,0.0
186,10.713361583700326,3.0127432190510115,0.0,11.765493561554033,2.743327961183427,0.0,4.5033170067295085,7.16729633208197,0.0,3.3935531359793485,9.511154289092936,0.0,11.450813687345233,2.818717372041864,0.0,8.992727304467984,3.589190061228513,0.0
187,10.713361583700326,1.520112785337112,0.0,11.765493561554033,1.384176348584161,0.0,4.5033170067295085,3.616338333052312,0.0,3.3935531359793485,4.798957689702555,0.0,11.450813687345233,1.422214906467312,0.0,8.992727304467984,1.810965390803183,0.0
188,10.713361583700326,1.5045535999518451,0.0,11.765493561554033,1.3700085469438723,0.0,4.5033170067295085,3.5793231332049333,0.0,3.3935531359793485,4.74983773421611,0.0,11.450813687345233,1.407657759391868,0.0,8.992727304467984,1.7924291699953563,0.0
189,10.713361583700326,11.020855087198964,41.0,11.765493561554033,10.03531257681726,90.0,4.5033170067295085,26.218541526510553,84.0,3.3935531359793485,34.792561300694544,61.0,11.450813687345233,10.311093057186858,69.0,8.992727304467984,13.129543631559148,31.0
190,0.0,35.67915581001233,0.0,1.7763568394002505e-15,20.595542409099156,0.0,5.960464477539063e-08,19.368187343890735,0.0,0.0,11.501122890884059,0.0,0.0,14.687685046854174,0.0,0.0,25.312194424938433,0.0
191,4.436592667199494,6.802919847476824,0.0,7.685832103583459,3.926937760817018,0.0,8.172880459774428,3.692918850264769,0.0,13.763341418083165,2.1929111103214227,0.0,10.777319947534721,2.800490702492837,0.0,6.253660918573399,4.826258523422904,0.0
192,4.436592667199494,4.023996650185859,0.0,7.685832103583459,2.322823838778129,0.0,8.172880459774428,2.140648332457717,0.0,13.763341418083165,1.297129344447832,0.0,10.777319947534721,1.6565188857674853,0.0,6.253660918573399,2.8547812654867357,0.0
193,4.436592667199494,31.304622489166377,0.0,7.685832103583459,18.070373736127998,0.0,8.506957849353878,14.419058292138835,0.0,13.763341418083165,10.090998571205008,0.0,10.777319947534721,12.886864198241941,0.0,6.253660918573399,22.208728678012,0.0
194,4.436592667199494,32.44214498618251,0.0,7.685832103583459,18.727000618034932,0.0,10.757248698809327,12.285246460099778,0.0,13.763341418083165,10.457677258867694,0.0,10.777319947534721,26.71027365886902,5.594643306249054,6.253660918573399,46.0314636268301,13.814799170519109
195,4.436592667199494,3.26980874124814,0.0,7.685832103583459,1.8611087667798147,0.0,12.674529087885745,1.0704918618643946,0.0,13.763341418083165,0.9986390098393955,0.0,0.0,10.576657680534971,0.0,0.0,10.24039557289954,0.0
196,3.7747747672144545,25.760390945799642,0.0,6.740837360288653,14.425459114121132,0.0,12.407026383152697,8.578567915793402,0.0,13.122851440500485,9.717536348440847,0.0,2.5385714301844526,19.79011514699506,0.0,2.6219300634931084,19.160930953776486,0.0
197,3.7747747672144545,18.867850372613564,0.0,6.740837360288653,10.565732666641535,0.0,10.26334813396525,6.939439700229959,0.0,6.890384476314176,10.336416747562646,0.0,7.2885238659790055,9.771784631256454,0.0,7.527855870224158,9.46111173300117,0.0
198,3.7747747672144545,44.59469100399531,0.0,6.740837360288653,41.27111688682691,0.0,10.26334813396525,27.10634804356766,0.0,6.890384476314176,40.37537927932569,0.0,7.2885238659790055,38.16985328265702,0.0,7.527855870224158,36.95632480318446,0.0
199,3.7747747672144545,4.1214251434946005,72.0,1.4166794239172402,10.9816314720467,43.0,2.156983375321394,7.212596795331981,64.0,1.4481088014345849,10.743288649578469,77.0,1.5317832547765313,10.15643125960009,80.0,1.582082157980519,9.83352930414279,45.0
200,4.214684867775986e-08,10.32250898156998,0.0,4.214684845571526e-08,11.944273641209241,0.0,5.960464477539063e-08,9.8043069384098,0.0,8.940696716308594e-08,18.585843844461067,0.0,4.7121609059175285e-08,10.135742935754855,0.0,5.575503991828157e-08,23.344036270034145,0.0
201,10.001955532684718,2.950493180303062,0.0,8.643914134287762,3.9019636110770493,0.0,10.53060418433068,3.202877804433324,0.0,5.555049071582934,6.071636447246437,0.0,10.186256343641288,3.3111515429630907,0.0,4.422768785938153,7.626046045296719,0.0
202,12.860824584503009,11.356902028474078,0.0,8.643914134287762,16.897336385170657,0.0,10.53060418433068,13.869966267360466,0.0,5.555049071582934,26.293039526646588,0.0,10.186256343641288,14.338842444581525,0.0,4.422768785938153,33.02436366919633,0.0
203,12.860824584503009,9.555404048049546,0.0,8.643914134287762,14.2169824210246,0.0,10.53060418433068,11.669831392853364,0.0,5.555049071582934,22.12228437812829,0.0,10.186256343641288,12.064331698536998,0.0,4.422768785938153,27.785846659390266,0.0
204,12.860824584503009,2.4648204434802574,0.0,8.643914134287762,3.6672765211946983,0.0,10.53060418433068,6.020475710798224,59.20089459417068,5.555049071582934,11.41290488973613,2.362483731827524,10.186256343641288,6.223998746248873,25.461090630851686,4.422768785938153,7.167370687946197,0.0
205,12.860824584503009,4.312427088126557,0.0,8.643914134287762,5.447550228653827,0.0,0.0,8.5333933797203,0.0,0.0,8.549716170358275,0.0,0.0,15.86530078843167,0.0,4.422768785938153,9.698721973167881,0.0
206,9.512314642772,0.7021596731609178,0.0,9.067263844876996,0.7366239534704095,0.0,11.306467117690765,0.5907383509851619,0.0,11.284881243734262,0.5918683233180757,0.0,6.0813553387200034,1.0983018370997577,0.0,5.5251946588386485,1.2088558237288431,0.0
207,9.512314642772,26.3516084153474,0.0,9.067263844876996,27.645031056588092,0.0,11.306467117690765,22.170036668456586,0.0,11.284881243734262,22.2124438153995,0.0,6.0813553387200034,41.218573266705796,0.0,5.5251946588386485,45.367594459122756,0.0
208,9.512314642772,8.285299675754038,0.0,9.067263844876996,8.691969129139022,0.0,11.306467117690765,6.970557346079815,0.0,11.284881243734262,6.983890722748054,0.0,6.0813553387200034,12.95967313793204,0.0,5.5251946588386485,14.264181136017198,0.0
209,9.512314642772,17.409264583658995,0.0,9.067263844876996,36.52753581502909,8.625348421974195,11.306467117690765,14.646697389666498,0.0,11.284881243734262,14.674713791160128,0.0,6.0813553387200034,54.46233386976766,34.39581710007042,5.5251946588386485,25.736653769003535,0.0
210,9.512314642772,0.7350662009918759,0.0,0.0,8.467953517698477,0.0,11.306467117690765,0.6216755304905951,0.0,11.284881243734262,0.6290595998313601,0.0,0.0,6.830512402424878,0.0,7.34379786096422,1.036893157179037,0.0
211,9.671196077096418,18.013642859498745,0.0,1.665237098558526,38.43793156497068,0.0,11.376025042508534,16.97905888371082,0.0,11.13135777450967,26.498730886388447,0.0,2.0644352159487585,31.00522076902592,0.0,6.2556267749395875,33.45503021732461,0.0
212,13.564768398967633,1.9971766928315824,0.0,9.224120068341277,2.936999853574999,0.0,13.27577506222962,2.040652177600745,0.0,4.664280415197776,5.80823554300129,0.0,11.435367565199686,2.3690746393252002,0.0,6.2556267749395875,4.330699427051123,0.0
213,13.564768398967633,29.74622397329792,0.0,9.224120068341277,43.744079213201786,0.0,13.27577506222962,30.39375381476511,0.0,4.664280415197776,52.49700215119576,0.0,11.435367565199686,35.28532306819287,0.0,6.2556267749395875,39.14247889137897,0.0
214,2.898547362402301,8.083540888049884,19.347552715746133,1.971028778980668,11.887460294606349,14.525575555948308,2.83679467711373,8.259507195486208,8.7939292630399,4.664280415197776,2.5116979940044293,0.0,2.4435326515956604,9.588791772883356,34.921077348146355,6.2556267749395875,1.872756189556967,0.0
215,1.737759083297874e-07,13.247437184443724,0.0,9.884312124341932e-08,12.763751504983388,0.0,1.7881393432617188e-07,12.957487298684638,0.0,4.664280415197776,13.456471480632972,0.0,1.812804497625109e-07,17.254787823147474,0.0,6.2556267749395875,10.937464839364992,0.0
216,11.385239404241112,7.174742818582577,0.0,11.816686091007558,6.912781132062489,0.0,11.640007074361906,7.0177074748814325,0.0,6.544099608993262,12.482414622962748,0.0,8.741066222172474,9.345103054615722,0.0,7.534154344793789,10.842114577844908,0.0
217,11.385239404241112,6.91920598504039,0.0,11.816686091007558,6.66657436951732,0.0,11.640007074361906,6.767763638258893,0.0,6.544099608993262,12.037838867654665,0.0,8.741066222172474,9.012266309928936,0.0,7.534154344793789,10.455960021761264,0.0
218,11.385239404241112,6.131349343887114,0.0,11.816686091007558,5.90748367296599,0.0,11.640007074361906,5.997151007317425,0.0,6.544099608993262,10.667148167374927,0.0,8.741066222172474,7.986082976252969,0.0,7.534154344793789,9.265390242427012,0.0
219,11.385239404241112,8.487746947268107,45.0,11.816686091007558,8.177845315769439,70.0,11.640007074361906,8.3019735623796,64.0,6.544099608993262,14.766741878396774,67.0,8.741066222172474,11.05529102984495,89.0,7.534154344793789,12.826261126975751,82.0
220,0.0,11.65492305032552,0.0,0.0,8.166698078156188,0.0,0.0,23.001487899399827,0.0,8.429369735551973e-08,21.72135818268402,0.0,0.0,9.61707898601937,0.0,0.0,12.0561032711918,0.0
221,6.7462251864090295,10.939632612839425,0.0,9.627726490596173,11.2630078409758,0.0,3.4183325779466975,31.72223781089506,0.0,3.619789008381243,29.95676231495267,0.0,8.175739800210351,13.263284009058747,0.0,6.521737053766343,16.62703633409016,0.0
222,13.078418435916387,1.930769207559452,0.0,9.627726490596173,2.6227799080405303,0.0,3.4183325779466975,7.3870540750055005,0.0,3.619789008381243,6.975933553358556,0.0,8.175739800210351,3.088577696540137,0.0,6.521737053766343,3.8718837315071397,0.0
223,13.078418435916387,15.693343774787614,0.0,9.627726490596173,21.318025262332394,0.0,3.4183325779466975,40.906379925492054,0.0,3.619789008381243,38.62976842611788,0.0,8.175739800210351,17.10323647305613,0.0,6.521737053766343,21.44085386951022,0.0
224,4.7420808983074565,8.927074244427024,36.0,3.49090053272835,12.126644043507074,90.0,3.4183325779466975,12.384081328143862,47.0,3.619789008381243,11.694855303159068,72.0,8.175739800210351,5.177868940104529,56.0,6.521737053766343,6.49104814022486,14.0
225,1.0323827215330539e-07,4.704564055885003,0.0,8.429369691143052e-08,6.3163961819233085,0.0,4.214684867775986e-08,6.678311458215619,0.0,4.214684867775986e-08,5.764484056491524,0.0,0.0,6.378550034579443,0.0,0.0,7.064115201157493,0.0
226,5.634453816772211,9.084094052179763,0.0,4.196641263581705,7.6109664289810866,0.0,3.9692142648636635,12.895224341329454,0.0,4.598442615834099,6.945937666290422,0.0,4.155748444853172,7.685858803882827,0.0,3.752437302024499,11.70836126799661,0.0
227,5.634453816772211,14.76329484895327,0.0,9.253400562729233,8.989463110984568,0.0,3.9692142648636635,20.95707045753941,0.0,10.139354025395338,8.203984474896066,0.0,9.163233782185491,9.077919977501498,0.0,4.990700568879273,14.45400662366096,0.0
228,5.634453816772211,3.6958365734776084,0.0,9.253400562729233,2.2504181404911887,0.0,3.9692142648636635,5.246383565617997,0.0,10.139354025395338,2.0537817730242733,0.0,9.163233782185491,2.2725623925564165,0.0,6.519340235121603,3.115463513455947,0.0
229,5.634453816772211,23.624346057087333,12.021639243259415,9.253400562729233,7.192506468716147,0.0,3.9692142648636635,16.767838409282174,0.0,10.139354025395338,13.128083552138643,31.55707668246032,9.163233782185491,7.2632811720294015,0.0,6.848828191603057,9.081032585272942,0.0
230,0.0,21.459271628710944,0.0,9.253400562729233,12.588127244141932,0.0,3.9692142648636635,23.869434046295805,0.0,0.0,23.212223073630437,0.0,9.163233782185491,12.755292147340752,0.0,7.809228098820712,13.586555877442121,0.0
231,12.65322315303358,1.501894422230793,0.0,12.316841567290695,1.5429122127583623,0.0,7.406378138919338,2.5658702432327467,0.0,11.69767116912229,1.6245802264425058,0.0,12.12431882602747,1.5674122026539659,0.0,12.175892123623878,1.5607731313511841,0.0
232,12.65322315303358,6.3325989497208885,0.0,12.316841567290695,6.505546670526021,0.0,7.406378138919338,10.818754612112729,0.0,11.69767116912229,6.849892298305791,0.0,12.12431882602747,6.6088486123833095,0.0,12.175892123623878,6.580855582156411,0.0
233,12.65322315303358,30.99068417422611,0.0,12.316841567290695,21.60748831921589,0.0,7.406378138919338,35.93335437416624,0.0,11.69767116912229,22.751196066903578,0.0,12.12431882602747,21.950594842783907,0.0,12.175892123623878,21.85761894017644,0.0
234,4.5220033633401755,17.234803841570706,42.480746983539575,12.316841567290695,6.3275832941670505,23.143000799784204,7.406378138919338,5.261400341453704,0.0,11.69767116912229,6.662509127783822,18.899599206939456,12.12431882602747,6.4280593455514206,30.10804317018483,12.175892123623878,3.2004160412557545,0.0
235,0.0,21.36620337882257,0.0,0.0,11.276587554762862,0.0,7.406378138919338,5.926952035927064,0.0,0.0,14.486585724779,0.0,0.0,12.418193778841276,0.0,12.175892123623878,6.311588764917182,0.0
236,5.5491206519449685,30.70985737634789,0.0,10.514141786892193,16.207951846134254,0.0,12.597772342540658,13.527209347157372,0.0,8.184374336064574,20.82171425547465,0.0,9.547575318489166,17.848793866581737,0.0,6.609178456720946,25.78424911678426,0.0
237,5.5491206519449685,16.139318872669826,0.0,10.514141786892193,8.517958905244084,0.0,12.597772342540658,7.1091162174943285,0.0,8.184374336064574,10.942684680246607,0.0,9.547575318489166,9.380290249318438,0.0,6.609178456720946,13.550705015928832,0.0
238,5.5491206519449685,31.65045517385887,0.0,10.514141786892193,16.704377590539675,0.0,12.597772342540658,13.94152788867576,0.0,8.184374336064574,21.459452761684265,0.0,9.547575318489166,18.395476190546695,0.0,6.609178456720946,26.573982772414993,0.0
239,5.5491206519449685,11.013322240215926,0.0,10.514141786892193,5.812576540093567,0.0,12.597772342540658,9.702390585886995,21.355838055147615,8.184374336064574,14.93437405970206,37.35518851810775,9.547575318489166,6.401023490368013,0.0,6.609178456720946,9.246876036091786,0.0
240,5.5491206519449685,3.2831690648196457,0.0,10.514141786892193,2.3174882099735403,0.0,0.0,8.117051705064338,0.0,0.0,6.199224686964503,0.0,9.547575318489166,2.748291974553251,0.0,6.609178456720946,4.288761242823276,0.0
241,9.883550085001682,0.5691125491285064,0.0,11.349213087163086,0.4956160696001693,0.0,6.242176222615184,0.9011043877511711,0.0,8.173290969374536,0.653730133869077,0.0,8.888627101134391,0.6328145302210635,0.0,5.204971196836369,1.0806692622494072,0.0
242,9.883550085001682,1.7894428637923512,0.0,11.349213087163086,1.5583501721846205,0.0,6.242176222615184,2.833314462424918,0.0,9.035193363523188,1.9574620549840716,0.0,8.888627101134391,1.9897390190081663,0.0,5.204971196836369,3.397914704944053,0.0
243,9.883550085001682,1.449124211933321,0.0,11.349213087163086,1.2619810393930757,0.0,6.242176222615184,2.294470905217589,0.0,9.035193363523188,1.5851892872436157,0.0,8.888627101134391,1.6113277748150436,0.0,5.204971196836369,2.7516947138414363,0.0
244,9.883550085001682,11.136195733571501,47.0,11.349213087163086,9.69804227340034,54.0,6.242176222615184,17.632496162215645,72.0,9.035193363523188,12.181825430929916,59.0,8.888627101134391,12.382693866760274,61.0,5.204971196836369,21.14615895589098,65.0
245,0.0,6.174496744591943,0.0,0.0,11.217333278106963,0.0,0.0,7.472450918270561,0.0,0.0,6.977243247862172,0.0,0.0,17.656077831424447,0.0,0.0,10.06573488492151,0.0
246,9.002519348708255,0.9116456187158799,0.0,4.955369073344123,1.5492235830276948,0.0,7.438794449062777,1.103284595085006,0.0,7.966760572487804,1.030168692403914,0.0,3.148265823386471,2.6068660596222277,0.0,5.52230185348842,1.3901765667121728,0.0
247,9.002519348708255,13.218599864888002,0.0,5.639754072942385,13.72386085541345,0.0,7.438794449062777,15.997310029379776,0.0,7.966760572487804,14.937150421896748,0.0,3.148265823386471,37.798809796334794,0.0,6.284985822299373,12.314936317150824,0.0
248,9.002519348708255,5.14279575727218,0.0,11.702406751946201,3.956290299309395,0.0,7.438794449062777,6.2238738586372255,0.0,7.966760572487804,5.81141078485303,0.0,3.148265823386471,14.705911415541264,0.0,13.041253141804098,3.5501280289459007,0.0
249,9.002519348708255,20.37231058611531,18.073949963254563,11.702406751946201,15.672171042840901,26.03019073996984,7.438794449062777,24.65481758976472,20.76982538618904,7.966760572487804,11.510457642140837,0.0,3.148265823386471,29.12748327460455,0.0,13.041253141804098,14.06322811652306,30.746059838638757
250,0.0,20.172649432859288,0.0,0.0,56.94609893779936,0.0,0.0,25.049695187543207,0.0,7.966760572487804,15.312249052136023,0.0,3.148265823386471,16.37316215808171,0.0,1.6858739471103945e-07,19.763265732949087,0.0
251,13.066285282400262,4.323425513439725,0.0,4.628615432981497,12.204753662030384,0.0,10.522347294775228,5.368679589568518,0.0,9.24701328229549,6.109119715873043,0.0,12.950126768510433,4.362205263748864,0.0,13.336945048525642,4.235685979830605,0.0
252,13.066285282400262,6.234326810482634,0.0,4.628615432981497,17.59910578637356,0.0,10.522347294775228,7.741570427914934,0.0,9.24701328229549,8.809276050835413,0.0,12.950126768510433,6.290246737009537,0.0,13.336945048525642,6.107807474132744,0.0
253,13.066285282400262,0.4201489244702078,0.0,4.628615432981497,1.1860535375446304,0.0,10.522347294775228,0.521726336760171,0.0,9.24701328229549,0.593682039878998,0.0,12.950126768510433,0.4239175265504238,0.0,13.336945048525642,0.4116224283932439,0.0
254,13.066285282400262,7.617898004680275,71.0,4.628615432981497,21.50483876282277,64.0,10.522347294775228,9.459640958926302,74.0,9.24701328229549,10.764300379232381,59.0,12.950126768510433,7.686228124300389,61.0,13.336945048525642,7.463300494919845,49.0
255,0.0,3.214759865342264,0.0,0.0,3.2235439806375386,0.0,1.1920928955078125e-07,9.125493049242154,0.0,0.0,4.74669220852832,0.0,0.0,3.762537130241317,0.0,0.0,10.265133949658036,0.0
256,4.12173202774126,20.782249584207694,0.0,4.110500361734722,20.83903568459763,0.0,1.4520177199340756,24.932617228745908,0.0,2.791497345176838,12.968882840968348,0.0,3.5216605816268856,10.279980475502907,0.0,1.2908140082204969,28.046334940524183,0.0
257,4.12173202774126,24.4258334602527,0.0,4.110500361734722,24.49257540872952,0.0,5.419211476251672,15.230565851523728,0.0,10.418408977540075,9.663350737568068,0.0,13.143519653659665,7.6598006264908935,0.0,4.817567989027403,20.897834821781696,0.0
258,4.12173202774126,22.585902945908945,0.0,4.110500361734722,23.44583526594738,0.0,7.801143047520085,11.115403804038188,0.0,10.418408977540075,9.250367743252543,0.0,13.143519653659665,7.332443430783408,0.0,4.817567989027403,20.00472324653294,0.0
259,4.412273858377708,33.631230156152036,0.0,4.110500361734722,29.680661499948776,0.0,9.539498109724606,14.576331059868274,0.0,10.418408977540075,29.88269952683831,11.055517321743537,13.143519653659665,23.686971924870484,4.4387134838616475,4.817567989027403,32.31196588534269,0.0
260,4.844901201173142,5.439144385595826,0.0,6.378827344929835,3.0592165295390794,0.0,11.819112897725875,2.643492474801385,0.0,0.0,6.331311881036894,0.0,1.6858739471103945e-07,5.781648408995239,0.0,4.817567989027403,3.5793786661948923,0.0
261,4.286375903840085,2.1420212591096788,0.0,9.856157697640995,0.9315504674563455,0.0,6.969037654049011,1.6961900595475268,0.0,7.8445566309582,1.0785620145726302,0.0,8.590341388982973,0.9849248615621161,0.0,9.058118053391485,1.0136220632632673,0.0
262,4.286375903840085,2.5062971097173192,0.0,9.856157697640995,1.2011094174479788,0.0,3.8569995095105654,2.7853079868085313,0.0,9.180905394420112,1.089972555033553,0.0,10.053737299413267,1.0685510491290955,0.0,9.058118053391485,1.1860003894444788,0.0
263,4.286375903840085,1.7035170574853216,0.0,8.03219016292626,1.004455875166303,0.0,3.8569995095105654,1.8931592936376145,0.0,10.531391927828825,0.6933475192097448,0.0,10.053737299413267,0.7262885680742608,0.0,9.058118053391485,0.8906905995317103,0.0
264,4.286375903840085,6.5045524222370865,7.29604306805777,6.506854602532853,4.284859347723674,34.39630583624239,3.8569995095105654,7.228664846649064,26.63146184442303,10.531391927828825,1.3237071110356875,0.0,10.053737299413267,1.3865966425027254,0.0,7.337955893778732,3.799553604782464,31.023079722712282
265,0.0,14.488195444016208,0.0,8.881784197001252e-16,8.86222342785662,0.0,0.0,33.81509943603147,0.0,10.531391927828825,5.776793434338251,0.0,10.053737299413267,5.957907776515227,0.0,0.0,16.730499701870546,0.0
266,7.614884258485351,11.426255828561795,0.0,12.44901263420089,6.989278443119429,0.0,3.2626233032140988,26.668606074328643,0.0,8.566734511088296,10.156684035173658,0.0,8.463825502646031,10.280175981314835,0.0,6.594299834819832,13.194670825082213,0.0
267,7.614884258485351,7.869605019030199,0.0,12.44901263420089,4.813725645620815,0.0,3.2626233032140988,18.367468693328927,0.0,8.566734511088296,6.995212855300393,0.0,8.463825502646031,7.080265461661015,0.0,6.594299834819832,9.087565455165212,0.0
268,7.614884258485351,11.380853715534464,0.0,12.44901263420089,4.601181705464086,0.0,3.2626233032140988,17.55647644861365,0.0,8.566734511088296,10.116326552944425,0.0,8.463825502646031,10.23932780507518,0.0,6.594299834819832,13.142241932788263,0.0
269,2.45117416126061,5.402405254237251,29.4326847386219,12.44901263420089,0.5318588934300224,0.0,3.2626233032140988,4.058769565827481,19.533579781869776,2.7575676224573282,4.802143619330004,11.635938422026811,2.7244419840507366,4.860531424657436,31.63378202050808,2.1226556856335677,6.238522806377006,1.6064992787141819
270,0.0,14.821562356739117,0.0,12.44901263420089,9.277035592488932,0.0,0.0,16.551304194818783,0.0,8.429369691143052e-08,27.902161571297913,0.0,5.960464477539063e-08,25.831270921493815,0.0,4.214684867775986e-08,29.099980865890362,0.0
271,11.599513732481334,2.7441005279847164,0.0,6.083083570433662,5.232581697936269,0.0,10.387273055354907,3.06434918847721,0.0,6.161634226887255,5.165874926293386,0.0,6.655611916140975,4.782465107449301,0.0,5.908007832021337,5.3876421058801744,0.0
272,11.599513732481334,0.8491153637565119,0.0,6.083083570433662,1.6191336529102438,0.0,10.387273055354907,0.9482108797820581,0.0,6.161634226887255,1.5984923738860497,0.0,6.655611916140975,1.4798527087296478,0.0,5.908007832021337,1.667114466059322,0.0
273,11.599513732481334,3.1888801956620996,0.0,6.083083570433662,4.57556795730451,0.0,10.387273055354907,3.5610366092909507,0.0,6.161634226887255,4.517237025369937,0.0,6.655611916140975,5.55763468286284,0.0,5.908007832021337,4.71115866089821,0.0
274,5.857123430836591,3.252594050712546,34.0,6.083083570433662,3.131774369460034,38.0,5.245007833789787,3.6321861552724775,83.0,6.161634226887255,3.0918494204080202,68.0,3.3607219578027476,5.668676247108943,71.0,5.908007832021337,3.224580223118901,23.0
275,1.1920928955078125e-07,8.072659888277373,0.0,0.0,18.241297348290665,0.0,1.0323827304148381e-07,7.835498945893792,0.0,0.0,9.292859503464836,0.0,8.429369691143052e-08,6.629267582611415,0.0,0.0,8.038693854385384,0.0
276,7.664691338858573,5.559386045145297,0.0,3.3919981736038465,15.752122228008556,0.0,7.8966823820541325,5.396060776919858,0.0,6.658278570390178,8.6033341815626,0.0,9.3335268126841,6.137379445587111,0.0,7.697077213086299,5.535994623667109,0.0
277,12.943122239774265,0.7876778813281619,0.0,3.8811037977799288,2.5997959910666073,0.0,13.334878188952523,0.7645372502947207,0.0,6.658278570390178,1.5311782160834666,0.0,9.3335268126841,1.0922999749400155,0.0,12.997811242949945,0.7843636834722164,0.0
278,12.943122239774265,1.8930447315460448,0.0,3.961827831185418,6.041467646847156,0.0,13.334878188952523,1.8374303100916276,0.0,6.658278570390178,3.679916528984352,0.0,9.3335268126841,2.6251501557228556,0.0,12.997811242949945,1.8850796420859728,0.0
279,12.943122239774265,6.187259827057913,0.0,4.1494162565149715,18.077045032238537,0.0,13.334878188952523,12.010977398683801,41.39840829047898,6.658278570390178,24.055004435226653,2.5620918174172402,9.3335268126841,8.580085735868298,0.0,12.997811242949945,6.161226592230452,0.0
280,12.943122239774265,28.451821230141594,0.0,4.710711062749469,52.63975379314811,0.0,0.0,32.852255578161056,0.0,0.0,58.31713735770819,0.0,9.3335268126841,33.372336506019856,0.0,12.997811242949945,17.931210270952686,0.0
281,3.1054115847008514,32.72393713170978,0.0,3.9635319280922077,25.639075276668184,0.0,13.898893922016843,7.311466224291308,0.0,7.82977416362316,12.9788281682456,0.0,4.34876406609453,23.367856227964182,0.0,12.466728432853373,8.151400266170306,0.0
282,3.1054115847008514,21.649076160236348,0.0,3.9635319280922077,16.961965521097465,0.0,13.898893922016843,4.837024606653985,0.0,7.82977416362316,8.586364114869848,0.0,4.34876406609453,15.45940200118633,0.0,12.466728432853373,5.392697231528738,0.0
283,3.1054115847008514,4.855286761468801,0.0,3.9635319280922077,4.810320629819209,0.0,13.898893922016843,1.4062330744951215,0.0,7.82977416362316,2.496251350753517,0.0,4.34876406609453,4.494399796122314,0.0,12.466728432853373,1.5677797456895306,0.0
284,4.945640924554687,21.83198577290833,0.0,4.16278057210961,39.76804800503844,0.0,13.898893922016843,14.267273620386023,0.0,7.82977416362316,25.3263144583947,0.0,4.34876406609453,45.59900688846063,0.0,12.466728432853373,15.906283968098595,0.0
285,13.22030372828651,7.9876732134096144,0.0,5.810015808593353,9.092195183516798,0.0,13.898893922016843,7.069789876385291,0.0,7.82977416362316,8.101051251202865,0.0,4.34876406609453,13.781928408308046,0.0,12.466728432853373,6.210787716100014,0.0
286,4.831202851580958,12.462228959911904,0.0,10.048589584205002,5.991642467199493,0.0,6.496271718099373,9.268016902746831,0.0,9.96909305725575,6.039421614623274,0.0,6.113453651041061,9.848370417910738,0.0,10.749253526394263,5.601091828408782,0.0
287,4.831202851580958,5.680539879253154,0.0,10.048589584205002,2.731113678511174,0.0,6.496271718099373,4.224552428542273,0.0,9.96909305725575,2.752892395080302,0.0,6.113453651041061,4.4890894786605235,0.0,10.749253526394263,2.5530926771594133,0.0
288,4.831202851580958,36.03626136853277,0.0,10.048589584205002,17.325664186507435,0.0,6.496271718099373,26.79975472684024,0.0,9.96909305725575,17.463824209892305,0.0,6.113453651041061,28.477927309439075,0.0,10.749253526394263,16.19633291339552,0.0
289,4.831202851580958,12.89755281943365,36.0,10.048589584205002,6.200939289789259,83.0,6.496271718099373,9.59176226974297,21.0,9.96909305725575,6.2503874326173205,24.0,6.113453651041061,10.192388380838223,51.0,10.749253526394263,5.796746146759221,42.0
290,0.0,38.180249361311475,0.0,0.0,32.19252914191318,0.0,0.0,25.646169741431294,0.0,0.0,19.629737024018766,0.0,0.0,14.875863576995176,0.0,0.0,29.478361355723393,0.0
291,4.758180457351788,17.705901813429577,0.0,5.643188690362521,14.929126175123177,0.0,7.083651016873895,11.893284379448417,0.0,9.254760578072055,9.103193462191179,0.0,12.212300511329786,6.898608162343404,0.0,6.162775270157218,11.447649706097158,0.0
292,4.758180457351788,2.6496820555258522,0.0,5.643188690362521,2.234138545877491,0.0,7.083651016873895,1.7798258757759566,0.0,9.254760578072055,1.3622897392581976,0.0,12.212300511329786,1.0323743149869467,0.0,8.556032197122073,1.4479278962537967,0.0
293,4.758180457351788,6.204753342456714,0.0,5.643188690362521,5.231676223619084,0.0,7.083651016873895,4.167813466027402,0.0,9.254760578072055,3.190070218209362,0.0,12.212300511329786,2.417508156581626,0.0,8.858737429761172,3.2110174574587598,0.0
294,4.758180457351788,22.442794112838964,0.0,5.643188690362521,18.923142608796955,0.0,7.083651016873895,30.15023300885495,27.734544220213138,9.254760578072055,23.077174623747872,11.32506257919158,12.212300511329786,17.488410845607696,57.82044696621597,9.53003590324392,10.088861726351203,0.0
295,4.758180457351788,9.685080820045318,0.0,5.643188690362521,11.692757998140767,0.0,0.0,29.06029329257921,0.0,1.1920928955078125e-07,21.88913176570932,0.0,0.0,17.301461029844383,0.0,11.63922327634467,11.528345763613492,0.0
296,13.392798972658715,1.589200958285872,0.0,9.391220024038674,2.266356118480781,0.0,6.0492748979764155,3.51841325124753,0.0,8.031095157855264,2.6501801489254437,0.0,10.160627616326398,2.094737624994715,0.0,3.6095996117997178,5.896457017532566,0.0
297,13.392798972658715,1.533380815788303,0.0,9.391220024038674,2.1867511315694417,0.0,6.0492748979764155,3.3948301839041726,0.0,8.031095157855264,2.5570934736463093,0.0,10.160627616326398,2.0211606792267336,0.0,3.6095996117997178,5.689345972681151,0.0
298,13.392798972658715,7.210722359351386,0.0,9.391220024038674,10.283195874365001,0.0,6.0492748979764155,15.964186887713328,0.0,8.031095157855264,12.02473051411812,0.0,10.160627616326398,9.504506872319,0.0,3.6095996117997178,26.754145997455534,0.0
299,13.392798972658715,4.458461877033491,0.0,9.391220024038674,12.71640606726909,34.837112451503344,6.0492748979764155,19.741633111862377,8.320643272694724,8.031095157855264,14.870022698702108,26.008841398899676,10.160627616326398,5.876731822198298,0.0,3.6095996117997178,16.542356512666125,0.0
300,13.392798972658715,2.870808167993431,0.0,0.0,7.563157057209089,0.0,8.429369735551973e-08,7.258338179963657,0.0,0.0,9.257216493012704,0.0,10.160627616326398,4.686673078983686,0.0,3.6095996117997178,7.959050323863198,0.0
301,13.871073559420498,1.2278739802060241,0.0,10.348766707365884,1.497534428814982,0.0,10.783370160466193,1.4371791202041675,0.0,8.454954900892943,2.0144318332599758,0.0,6.5397793967434374,2.604358536867076,0.0,6.224406302392573,2.7363140312015553,0.0
302,13.871073559420498,0.6899888477783785,0.0,12.397862650082367,0.7416272256017711,0.0,12.91851927237863,0.7408655636855691,0.0,8.454954900892943,1.1319854659074389,0.0,6.5397793967434374,1.4634876013523668,0.0,6.224406302392573,1.537638386336504,0.0
303,13.871073559420498,1.157793289161598,0.0,13.41264088138567,1.1973656808221935,0.0,12.91851927237863,1.2431638287602993,0.0,8.454954900892943,1.7562762050337126,0.0,6.5397793967434374,2.2706019891841924,0.0,6.224406302392573,2.3856469815223362,0.0
304,11.779854367142862,6.521858726600139,57.0,11.390535533149512,6.744770417365081,66.0,10.97090827295031,7.002751641883584,35.0,8.454954900892943,9.086570892745842,16.0,6.5397793967434374,11.747574566497278,63.0,6.224406302392573,12.342791162652986,68.0
305,1.6858739471103945e-07,8.727919206985126,0.0,0.0,13.645194054724096,0.0,1.6858739471103945e-07,12.98036204665255,0.0,0.0,26.54827388018064,0.0,8.429369735551973e-08,30.734359433051043,0.0,0.0,11.812387029896453,0.0
306,12.361134147373162,0.779941063982227,0.0,7.906591960782235,1.2193567300234676,0.0,8.311553948981892,1.159946284185548,0.0,4.0638040010931595,2.3723969257217754,0.0,3.5103051117982,2.7464724039303112,0.0,9.13337679703006,1.055574113844099,0.0
307,12.361134147373162,3.884592436655216,0.0,7.906591960782235,6.073156229073402,0.0,8.311553948981892,5.777255193446488,0.0,4.0638040010931595,11.81601479905269,0.0,3.5103051117982,13.679143746216544,0.0,9.13337679703006,5.257416756634909,0.0
308,12.361134147373162,3.727868742238986,0.0,7.906591960782235,5.8281350340553555,0.0,8.311553948981892,5.544172111432897,0.0,4.0638040010931595,11.33929825213512,0.0,3.5103051117982,13.127259351825954,0.0,9.13337679703006,5.045306531271065,0.0
309,12.361134147373162,3.7469781248781473,0.0,7.906591960782235,11.716021007492545,37.77368213482259,8.311553948981892,11.145183889532545,10.710782140253286,4.0638040010931595,11.397424491051321,0.0,3.5103051117982,12.547283134369867,0.0,9.13337679703006,10.142338431488472,12.837809363511042
310,12.361134147373162,1.2913342123347358,0.0,8.429369735551973e-08,12.79666841347679,0.0,1.1920928955078125e-07,7.745792186241309,0.0,4.0638040010931595,3.58066744828686,0.0,3.8724722995154885,3.5175325981257526,0.0,0.0,10.198452829558764,0.0
311,11.71532107793571,15.098291694341249,0.0,2.429597162396204,24.973115492751457,0.0,4.0138889184301005,15.116165835778157,0.0,4.619144302040086,25.95260954520205,0.0,4.9663229289218895,24.13835149656992,0.0,3.0485751970215245,19.90261240616962,0.0
312,4.164468626845406,19.901977871051898,0.0,7.171035048557732,11.5577684246344,0.0,11.847123696296887,9.283752646575163,0.0,4.619144302040086,17.94296887836173,0.0,4.9663229289218895,16.688637376659546,0.0,8.997968850294583,9.211096841422576,0.0
313,4.164468626845406,2.1197231214113814,0.0,7.171035048557732,1.2309966939140733,0.0,6.007975553195193,1.603966442145389,0.0,4.619144302040086,1.9110726704982481,0.0,4.9663229289218895,1.777476125305615,0.0,8.997968850294583,1.0709740534653513,0.0
314,4.164468626845406,9.541238132117247,42.0,7.171035048557732,5.540927717325107,83.0,4.999138068096343,7.9482074404566125,74.0,4.619144302040086,8.602066587292883,39.0,4.9663229289218895,8.000725477231219,62.0,7.4870625249349,5.307046158995217,86.0
315,0.0,18.63868955104587,0.0,0.0,9.55390655900701,0.0,5.960464477539063e-08,12.753641439865868,0.0,8.881784197001252e-16,16.664724473559165,0.0,5.960464477539063e-08,9.166916355948874,0.0,8.429369735551973e-08,13.432950083144132,0.0
316,6.246382484529455,0.851606387474251,0.0,12.186050096593759,0.4365203802928284,0.0,9.128716981342647,0.5699804082142984,0.0,6.986277158734794,0.761415429358075,0.0,12.700495878779417,0.418838703087221,0.0,8.667074774588283,0.6137548551016464,0.0
317,6.246382484529455,4.37817824497973,0.0,12.186050096593759,2.244187057070571,0.0,9.536693779346443,2.6116698362457678,0.0,6.986277158734794,3.914499136267011,0.0,12.700495878779417,2.153284105172873,0.0,8.667074774588283,3.155364020138896,0.0
318,6.246382484529455,3.1206821726936584,0.0,12.186050096593759,1.8727306294708566,0.0,11.406057501115008,1.6260411258319731,0.0,6.986277158734794,2.790180523961226,0.0,12.700495878779417,1.5348199510750415,0.0,8.667074774588283,2.249083453214234,0.0
319,6.246382484529455,6.284468881406193,12.845315463382576,8.631652307093384,4.547819522673283,2.245359109379933,12.5699344386009,1.497614243124317,0.0,6.986277158734794,5.618900593722831,10.541005475388374,12.700495878779417,1.5454198501302852,0.0,8.667074774588283,4.529232514552979,24.32943278423045
320,8.429369735551973e-08,17.885255290403936,0.0,0.0,19.252239136182244,0.0,13.641886833366405,6.509267761342358,0.0,0.0,19.091773838076296,0.0,12.700495878779417,7.371264089268056,0.0,0.0,15.8798254156006,0.0
321,8.856389676533212,16.40688914770395,0.0,8.227551647538881,17.660880161744785,0.0,10.692461918488183,13.589555406365664,0.0,8.296703761899849,17.513678665860514,0.0,8.788191801577081,16.53420942015333,0.0,9.974844664733856,14.567224709321028,0.0
322,8.856389676533212,3.2998631265672893,0.0,8.227551647538881,3.5520741746841815,0.0,10.692461918488183,2.7332221476113783,0.0,8.296703761899849,3.5224680266770174,0.0,8.788191801577081,3.3254706301310595,0.0,9.974844664733856,2.92985752764932,0.0
323,8.856389676533212,7.514755372446768,0.0,8.227551647538881,8.089113840095834,0.0,10.692461918488183,8.321288169961031,0.0,8.296703761899849,8.02169196492681,0.0,8.788191801577081,7.573071162405297,0.0,9.974844664733856,8.919944105460267,0.0
324,8.856389676533212,4.9041032698965745,59.0,8.227551647538881,5.278927612099142,77.0,5.303523448888349,8.189395126204742,52.0,8.296703761899849,5.234928330407113,19.0,8.788191801577081,4.94215995199042,57.0,4.947581107299813,8.778562269167342,46.0
325,0.0,4.143703769157399,0.0,0.0,3.8227134116419257,0.0,5.960464477539063e-08,4.055973358190679,0.0,0.0,4.104387493389889,0.0,0.0,4.720134179369062,0.0,8.429369735551973e-08,4.465495676454043,0.0
326,3.8099367930198946,4.046204471696558,0.0,4.129854307521074,5.555235209742133,0.0,3.892345391236899,5.894212808528725,0.0,3.8464325005651476,5.964569001763432,0.0,3.344661157831378,4.609071759841189,0.0,3.5353855914179673,4.360424878751458,0.0
327,7.530227660224686,1.8938092436631375,0.0,4.129854307521074,3.453103593473092,0.0,3.892345391236899,3.6638102008952464,0.0,3.8464325005651476,3.707543222902271,0.0,6.610624095109351,2.157256946491896,0.0,6.9875853108191865,2.040878803689266,0.0
328,7.530227660224686,4.674040378647626,0.0,4.129854307521074,6.0958541349079844,0.0,3.892345391236899,6.467820022793468,0.0,3.8464325005651476,6.545023070954966,0.0,6.610624095109351,5.324245886305715,0.0,6.9875853108191865,5.037017306937632,0.0
329,3.242032490576131,3.5337455440691166,32.6976303857482,4.129854307521074,2.7740731665455924,7.46578555888118,3.892345391236899,1.4716728430665194,0.0,3.8464325005651476,1.4892394464940775,0.0,2.846110246113128,4.025324581866348,36.06997748199501,3.008405539716759,3.8081693789239703,3.212599928039708
330,4.214684867775986e-08,6.213491766068139,0.0,0.0,3.7158087625926526,0.0,3.892345391236899,1.8487729517908067,0.0,3.8464325005651476,1.51893320974426,0.0,1.1920928955078125e-07,7.208953899410737,0.0,4.214684867775986e-08,5.810735234190306,0.0
331,2.354227197525015,24.427418461272865,0.0,3.936685794063307,43.32303090998522,0.0,4.019914226681633,33.05087682989924,0.0,5.783991981112577,29.486410232937157,0.0,2.029139166915171,28.340930895479303,0.0,2.5174045511795886,22.84404105009926,0.0
332,11.609521006935669,16.946978465916086,0.0,3.936685794063307,49.97764942298448,0.0,6.300487329794974,31.227156282614345,0.0,5.783991981112577,34.0156596251529,0.0,10.006397772085577,19.66205091836285,0.0,12.414205838162038,15.848480770258286,0.0
333,11.609521006935669,8.823456538563182,0.0,3.936685794063307,17.520258812816955,0.0,6.300487329794974,16.258441399257052,0.0,5.783991981112577,11.924593637396768,0.0,10.006397772085577,10.237060965534948,0.0,12.414205838162038,8.251522922500463,0.0
334,4.024205679490639,4.681071498878054,35.0,3.936685794063307,4.785140541139539,58.0,2.1839365190840088,8.62552269954234,24.0,5.783991981112577,3.2568500876927096,56.0,3.4685154298452794,5.431025049851567,75.0,4.303133403217275,4.377645909112585,28.0
335,5.960464477539063e-08,3.445085020192922,0.0,0.0,3.9673096656928086,0.0,8.940696671899673e-08,2.711477137178954,0.0,0.0,3.4585439969679785,0.0,1.1151007983656314e-07,3.8801672860442213,0.0,1.0323827304148381e-07,3.849419908115569,0.0
336,2.3908835355916076,4.59128809502003,0.0,2.076166962731209,5.287260278479978,0.0,3.0377527080978077,3.6136039264416997,0.0,2.381579435177521,4.609224849442365,0.0,2.12279425574848,5.171125314577727,0.0,2.1397501592546067,5.130148053062946,0.0
337,5.577230106296656,2.085521984949886,0.0,4.843088639772569,2.4016566424752197,0.0,7.086186176314543,1.6414239920317002,0.0,5.5555263686745695,2.093669479707839,0.0,4.951856439843048,2.348904121738782,0.0,4.991409590009533,2.6326581202841055,0.0
338,7.024579017396966,9.468138497072161,0.0,6.099920245343814,10.903369936862644,0.0,8.925124798295329,10.93728734032128,0.0,6.997242935328724,9.505127610267396,0.0,6.236914414775859,10.663876814274317,0.0,4.991409590009533,19.556931305049762,0.0
339,13.595451941670458,11.008434229883779,33.30911544218179,11.805856598410866,12.677151994677848,27.441363032296067,8.925124798295329,16.76891246999709,21.663475521483633,13.542545370456448,5.525720403046378,0.0,12.070996707475024,6.199348825633611,0.0,4.991409590009533,14.992221718788972,0.0
340,0.0,14.44910084225933,0.0,0.0,55.10962657377646,0.0,1.1920928955078125e-07,43.66003961218813,0.0,13.542545370456448,8.012427804893873,0.0,12.070996707475024,10.666814625578812,0.0,4.991409590009533,17.01880493263415,0.0
341,12.544688249484889,6.644682626971181,0.0,3.2890708360880803,25.3431671819091,0.0,4.151610075411616,20.077866311627876,0.0,9.079744647657938,9.180376244790406,0.0,4.921842477791791,16.9358268673238,0.0,5.659130578292265,14.729377758460494,0.0
342,12.544688249484889,4.902075613494961,0.0,3.2890708360880803,9.593224841799593,0.0,4.151610075411616,14.812328043740877,0.0,9.079744647657938,6.772768699234169,0.0,4.921842477791791,12.494306882874216,0.0,5.659130578292265,10.866512001434288,0.0
343,12.544688249484889,2.4480716272598366,0.0,9.53143767086375,2.5468581237655776,0.0,4.151610075411616,6.355514135991177,0.0,9.079744647657938,2.9059866268604733,0.0,4.921842477791791,5.3609225895502375,0.0,5.659130578292265,4.6624858989142135,0.0
344,9.011557268491027,6.244019113149737,45.31205017686443,11.188692967893862,2.3534577058724486,0.0,4.151610075411616,13.55337701421001,21.54087488224468,9.079744647657938,6.197127563912865,31.341276866500266,4.921842477791791,11.432372495044085,8.966312448726967,5.659130578292265,4.971464767387147,0.0
345,1.1920928955078125e-07,8.701008264670122,0.0,12.72010149552194,1.2830308312594505,0.0,0.0,9.749854557482006,0.0,1.1920928955078125e-07,6.367314131943145,0.0,0.0,9.146848038745755,0.0,5.659130578292265,2.200784624664386,0.0
346,3.6881807434368037,53.55856702246692,0.0,12.291684180727689,23.699502442165773,0.0,3.2914226543877416,25.82160107480134,0.0,5.039941605432542,39.193643697262445,0.0,3.5084098950311464,24.224593275299,0.0,8.922438107637472,22.138979632623744,0.0
347,3.6881807434368037,52.107378006979914,0.0,4.378174270552129,43.895335425305,0.0,12.008455534118557,16.003842260172235,0.0,5.039941605432542,38.131677547448916,0.0,12.800113702741726,15.014040704588533,0.0,8.922438107637472,21.539115860251396,0.0
348,3.6881807434368037,73.0754803240601,0.0,4.378174270552129,61.558897086708484,0.0,12.008455534118557,36.789494514265996,0.0,5.039941605432542,53.47593294693796,0.0,12.800113702741726,34.51414723781972,0.0,8.922438107637472,49.513933710462005,0.0
349,3.6881807434368037,7.442081518065452,78.0,4.378174270552129,6.2692209240347445,86.0,2.6433130159539324,10.38384035352386,39.0,5.039941605432542,5.44604353983399,53.0,2.8175735888779325,9.741623239947574,80.0,1.9640158317572238,13.97531533308832,67.0
350,0.0,13.679196673787754,0.0,0.0,14.52716588855429,0.0,1.3328003767298924e-07,7.261682721489692,0.0,5.960464477539063e-08,10.154284379713816,0.0,1.4292691696837778e-07,8.134860667595346,0.0,8.429369691143052e-08,10.269607826676477,0.0
351,5.4789714475062885,17.37585633821943,0.0,5.159156890991126,18.45298035407995,0.0,10.321013724666507,15.082469888735389,0.0,7.380916723683081,21.090385456324412,0.0,9.213178922211345,16.896055100832047,0.0,7.298032057286267,21.32991161200667,0.0
352,12.438577557673732,11.67029871607214,0.0,11.712521909565282,12.393736961339972,0.0,10.321013724666507,14.06469553995036,0.0,7.380916723683081,19.667193268188996,0.0,9.213178922211345,15.75589890598171,0.0,7.298032057286267,19.890556051498233,0.0
353,12.438577557673732,9.502050561247229,0.0,11.712521909565282,10.091079767072781,0.0,10.321013724666507,11.451587607188255,0.0,7.380916723683081,16.01318606993211,0.0,9.213178922211345,12.828578915152823,0.0,7.298032057286267,16.19504983470296,0.0
354,12.438577557673732,4.3015970647814195,0.0,11.712521909565282,4.56825175015884,0.0,10.321013724666507,10.368312675385816,44.02261880700098,7.380916723683081,14.498401950657957,2.961937011750706,9.213178922211345,11.615046047385983,2.1283078666601796,7.298032057286267,7.331531060996898,0.0
355,12.438577557673732,5.627219933515859,0.0,11.712521909565282,9.16060038103282,0.0,0.0,11.34926389522799,0.0,0.0,13.19925365183467,0.0,0.0,11.395866284810312,0.0,7.298032057286267,8.023299309787532,0.0
356,11.733533998767648,5.639036305981782,0.0,3.136045032314577,21.098493017394038,0.0,11.985075793573614,5.520684671180838,0.0,10.30526358334429,6.420585333058513,0.0,11.93606388369799,5.543353727093416,0.0,9.655316276564937,6.85278682968862,0.0
357,11.733533998767648,3.40958312296362,0.0,3.136045032314577,12.75697864114885,0.0,11.985075793573614,3.338023070022589,0.0,10.30526358334429,3.8821384015424685,0.0,11.93606388369799,3.3517296727573602,0.0,9.655316276564937,4.143464424052101,0.0
358,11.733533998767648,2.6942674142315792,0.0,3.136045032314577,10.08062001052506,0.0,11.985075793573614,2.6377203491369694,0.0,10.30526358334429,3.0676826508108404,0.0,11.93606388369799,2.6485513662367994,0.0,9.655316276564937,3.2741836104725777,0.0
359,11.733533998767648,8.216372662179413,83.0,3.136045032314577,30.741614672246367,78.0,11.985075793573614,8.043928101808133,28.0,10.30526358334429,9.355130725044582,49.0,11.93606388369799,8.076958109272342,69.0,9.655316276564937,9.984870927732725,30.0
360,0.0,8.474923491865765,0.0,0.0,14.466650985949567,0.0,0.0,10.692281435913857,0.0,0.0,12.493443208549571,0.0,0.0,14.083635885189452,0.0,1.1920928955078125e-07,11.568376434687634,0.0
361,11.754259751638324,10.453213905265134,0.0,6.885937332379298,17.843582587393204,0.0,9.316669477484417,13.188166842117058,0.0,7.973498613295164,15.409771474349867,0.0,7.073205591988497,17.371160767770295,0.0,8.611100380594053,14.268767759207986,0.0
362,11.754259751638324,8.293725058234429,0.0,6.885937332379298,14.157346187969827,0.0,9.316669477484417,10.463674693918776,0.0,7.973498613295164,12.226326656733614,0.0,7.073205591988497,13.782520156571989,0.0,8.611100380594053,11.321038465984515,0.0
363,11.754259751638324,5.2854846417103545,0.0,6.885937332379298,9.022295207338432,0.0,9.316669477484417,6.668365722547168,0.0,7.973498613295164,7.7916812186267705,0.0,7.073205591988497,8.783423383356332,0.0,8.611100380594053,10.124794072055487,0.0
364,11.754259751638324,1.1662516162892889,0.0,6.885937332379298,3.9815710692492345,1.0047113819455262,9.316669477484417,1.4713867940428134,0.0,7.973498613295164,1.719248362415796,0.0,7.073205591988497,1.9380780404798708,0.0,3.6611411978158106,7.488607086980865,28.02257518209808
365,11.754259751638324,4.381793405211211,0.0,0.0,12.834554347482259,0.0,9.316669477484417,6.1571718376559055,0.0,7.973498613295164,6.687299597856953,0.0,7.073205591988497,7.360352741999104,0.0,1.2644054558919038e-07,14.345838206952617,0.0
366,6.928861496076786,18.4076677959362,0.0,6.378529028400509,14.618821528441032,0.0,3.9793014050119435,36.778179870292654,0.0,4.268449915261056,34.28679397370574,0.0,4.049301758082402,36.142394806591085,0.0,5.7065731870883845,16.340205307652212,0.0
367,8.97227975158818,2.949860346884503,0.0,13.643804857666797,1.9752521430846324,0.0,3.9793014050119435,6.772534181751426,0.0,4.268449915261056,6.313756825066698,0.0,4.049301758082402,6.655457260290068,0.0,12.206477484692382,2.2078404534585543,0.0
368,9.299741032987647,9.959846768841008,0.0,13.643804857666797,7.192272714814302,0.0,3.9793014050119435,24.66009869985036,0.0,4.268449915261056,22.989602162884033,0.0,4.049301758082402,24.23379912553576,0.0,12.206477484692382,8.03917145852342,0.0
369,10.40537445353639,4.837586365300241,0.0,13.643804857666797,3.784562208419785,0.0,3.9793014050119435,12.976103840323466,0.0,4.268449915261056,12.097091278678393,0.0,4.049301758082402,12.751785697451416,0.0,12.206477484692382,8.460397900726777,30.606546672686818
370,10.942390462356903,11.856114102423598,0.0,13.643804857666797,9.181328001804978,0.0,3.9793014050119435,22.71869446137154,0.0,4.268449915261056,12.713350772041279,0.0,4.049301758082402,21.219880235636836,0.0,0.0,31.606543528092434,0.0
371,7.823922659310307,5.750186117108034,0.0,10.589677445607276,4.248383549732676,0.0,5.814199274818207,7.737782853736085,0.0,13.232486984993397,3.3998908525596065,0.0,6.435938836189888,6.990279522843763,0.0,7.039540703162869,6.390901530930777,0.0
372,7.823922659310307,3.5946377901440267,0.0,10.589677445607276,2.6558096979608403,0.0,5.814199274818207,4.837152414113007,0.0,13.232486984993397,2.125387925203768,0.0,6.435938836189888,4.369862544400848,0.0,7.039540703162869,3.995170884612511,0.0
373,7.823922659310307,13.949349649531412,0.0,10.589677445607276,10.306133814385738,0.0,5.814199274818207,12.790581581209741,0.0,13.232486984993397,8.247779342566691,0.0,6.435938836189888,11.554956012913022,0.0,7.039540703162869,15.503658179939935,0.0
374,2.838508496606833,7.9422380760099625,17.0,3.8419205703564208,5.867927406744697,79.0,5.814199274818207,3.877423118283681,78.0,4.800728275789744,4.6959771995880075,26.0,6.435938836189888,3.502847305285596,85.0,2.5539357900425443,8.827203525330258,74.0
375,9.424321811835057e-08,17.282278926554536,0.0,0.0,13.775493096195254,0.0,8.429369735551973e-08,9.049486607718364,0.0,1.0323827304148381e-07,19.170631959250077,0.0,0.0,11.700142705186764,0.0,0.0,11.214929875132151,0.0
376,1.3560632353378101,74.51449811327653,0.0,1.701272291324693,59.394590687410286,0.0,2.5897451377062986,39.01788246258015,0.0,1.2224877497291133,82.65634679239407,0.0,2.0030409281676778,50.44648362901747,0.0,2.089702295496112,48.35443383913857,0.0
377,7.202882673792611,13.649867191932062,0.0,9.036499472337287,10.880141386309143,0.0,13.755723107762426,7.147453545416021,0.0,6.493381430884386,15.14132396854236,0.0,10.639377589793872,9.240990938290636,0.0,11.099689207239692,8.857760794978853,0.0
378,7.202882673792611,21.342051901207174,0.0,9.036499472337287,17.01148728365134,0.0,13.755723107762426,11.17529734046772,0.0,6.493381430884386,23.6739975155673,0.0,10.639377589793872,14.448617371175194,0.0,11.099689207239692,13.849423438101514,0.0
379,7.202882673792611,9.212506088985318,0.0,9.036499472337287,7.343175384859307,0.0,13.755723107762426,9.647853356376833,5.282808252937684,6.493381430884386,20.438226584056878,44.79728156707279,10.639377589793872,12.473774885894782,5.933097823930439,11.099689207239692,11.956478877736322,5.4434955259930575
380,7.202882673792611,5.315447911124605,0.0,9.036499472337287,5.338434394602649,0.0,1.6858739471103945e-07,10.915171879555642,0.0,0.0,17.268096238755597,0.0,0.0,8.438293304900757,0.0,1.1920928955078125e-07,16.894096355262516,0.0
381,12.417149974134027,7.647221271487628,0.0,10.499052310421053,9.044310915490776,0.0,9.554522903097284,9.938402406536461,0.0,6.039418596738935,15.722820316631624,0.0,12.359046762933628,7.683172920603968,0.0,6.1731185467164,15.382288983249653,0.0
382,12.417149974134027,10.503091739826383,0.0,10.499052310421053,12.421927376822659,0.0,9.554522903097284,13.649919168986951,0.0,6.039418596738935,21.594539811486765,0.0,12.359046762933628,10.55246960604229,0.0,6.1731185467164,21.126836353221268,0.0
383,12.417149974134027,6.361328374397196,0.0,10.499052310421053,7.5234950854756155,0.0,9.554522903097284,8.267243614435023,0.0,6.039418596738935,13.079002091733743,0.0,12.359046762933628,6.3912346942892135,0.0,6.1731185467164,12.795731664932998,0.0
384,12.417149974134027,7.165998882634698,80.0,10.499052310421053,8.475172941078574,71.0,9.554522903097284,9.313001282293643,53.0,6.039418596738935,14.733418891728357,60.0,12.359046762933628,7.199688273299145,33.0,6.1731185467164,14.414316422868605,56.0
385,1.6858739471103945e-07,52.77353863631001,0.0,0.0,31.8039082307031,0.0,0.0,31.686813872055733,0.0,0.0,17.311111270367988,0.0,0.0,15.276942381301076,0.0,0.0,31.095910954218972,0.0
386,3.8253514558949195,19.416731468340142,0.0,6.347563962506934,11.701468851650745,0.0,6.37102053135491,11.658386851147,0.0,11.661720533080327,6.369199277279923,0.0,13.214512218046051,5.620776670795523,0.0,6.492086437001413,11.440978599391912,0.0
387,3.8253514558949195,93.55419858141212,0.0,6.347563962506934,56.38032036579046,0.0,6.37102053135491,56.17274155485703,0.0,11.661720533080327,30.688240961812642,0.0,13.214512218046051,27.082171770196787,0.0,6.492086437001413,55.125219483951454,0.0
388,3.8253514558949195,43.21788487989491,0.0,6.347563962506934,26.045204084987496,0.0,6.37102053135491,25.949311893183623,0.0,11.661720533080327,14.176604419308308,0.0,13.214512218046051,12.510760603046338,0.0,6.492086437001413,25.465403218254938,0.0
389,3.8253514558949195,44.745806771004666,73.0,6.347563962506934,26.96600429514277,88.0,6.37102053135491,26.86672193791431,64.0,11.661720533080327,14.677803038677604,44.0,13.214512218046051,12.953065103901734,79.0,6.492086437001413,26.365705191644874,40.0
390,0.0,8.52282869313855,0.0,0.0,8.300694856790617,0.0,0.0,8.406728994384999,0.0,0.0,7.777551438662241,0.0,0.0,21.376712461731955,0.0,0.0,7.082152571884607,0.0
391,7.527443208096724,3.6553897397691757,0.0,7.728884155698573,3.013209838129468,0.0,7.631399680278496,3.0517009659313272,0.0,8.248754054010153,3.3357448275712724,0.0,3.001168167218719,9.168342837339791,0.0,9.058701900129433,2.57087053227584,0.0
392,7.527443208096724,0.9844278709763732,0.0,10.534522741083011,0.703422933660154,0.0,10.401650724563243,0.712408548168528,0.0,8.248754054010153,0.8983447491248352,0.0,3.001168167218719,2.4691135179237613,0.0,12.347073555403817,0.6001604232769037,0.0
393,7.527443208096724,2.969914691743875,0.0,10.534522741083011,2.122152538321427,0.0,10.401650724563243,2.149261186227036,0.0,8.248754054010153,2.7102110244305013,0.0,3.001168167218719,7.449054144710598,0.0,12.347073555403817,2.1391272829134063,0.0
394,7.527443208096724,5.484097849023652,26.378017356983037,10.534522741083011,1.9593310766445728,0.0,10.401650724563243,1.9843598223770962,0.0,8.248754054010153,5.004541934230279,70.65276970819832,3.001168167218719,13.755055594558783,40.07314611537731,8.554781470769575,4.825516015137426,16.675685947513557
395,8.429369735551973e-08,28.06467997969121,0.0,10.534522741083011,5.682915043728112,0.0,10.401650724563243,5.539657028941505,0.0,0.0,18.942216770448038,0.0,4.214684867775986e-08,12.424381919393783,0.0,1.1920928955078125e-07,13.835074920174621,0.0
396,4.339327150194225,51.71598717288854,0.0,10.8949424587294,20.597868055613684,0.0,11.58199005442765,19.375995505420196,0.0,6.429122400977651,34.90563303076731,0.0,9.801842089972993,22.894940071313663,0.0,8.802397472832439,25.4944846481921,0.0
397,4.339327150194225,74.74075376711238,0.0,10.8949424587294,29.768361170898352,0.0,11.58199005442765,28.002491844968116,0.0,6.429122400977651,50.44616696025158,0.0,9.801842089972993,33.08812558604539,0.0,8.802397472832439,36.84502807883893,0.0
398,4.339327150194225,81.94977974508065,0.0,10.8949424587294,32.639631236908535,0.0,11.58199005442765,30.70343719249881,0.0,6.429122400977651,55.31188893622394,0.0,9.801842089972993,36.27959937898214,0.0,8.802397472832439,40.39886920555496,0.0
399,4.339327150194225,16.023226748701898,63.0,10.8949424587294,6.381862329952066,65.0,11.58199005442765,6.003288082412058,83.0,6.429122400977651,10.814854427687882,71.0,9.801842089972993,7.093566926107464,73.0,8.802397472832439,7.898986961104256,61.0
400,0.0,10.469504773609868,0.0,0.0,8.71288680483596,0.0,0.0,8.965742856218695,0.0,0.0,14.180493221918422,0.0,0.0,18.493620127068173,0.0,0.0,11.787521894211842,0.0
401,9.916345362788936,3.5728316893542242,0.0,11.915594387713096,3.4807136023741228,0.0,11.57954525100764,3.5817271375209345,0.0,7.321270387972978,5.664969229086039,0.0,5.613785965059807,7.388021510585658,0.0,8.807553109484562,4.709000439750164,0.0
402,13.300405423018233,3.739241586233603,0.0,11.915594387713096,4.173810172894095,0.0,11.57954525100764,4.2949380129749875,0.0,7.321270387972978,6.793005371474373,0.0,5.613785965059807,8.859160178364027,0.0,8.807553109484562,5.6466794413036725,0.0
403,13.300405423018233,7.4648373375621135,0.0,11.915594387713096,12.177749348015503,0.0,11.57954525100764,12.531158922114273,0.0,7.321270387972978,13.56122062771527,0.0,5.613785965059807,17.68599010087168,0.0,8.807553109484562,11.272752122214627,0.0
404,13.300405423018233,1.1726577802736353,0.0,4.390433954484595,7.10491199198803,13.41029920620349,4.266612893431338,7.311103168846293,12.968286270035605,7.321270387972978,2.130343925791578,0.0,5.613785965059807,5.556615089057754,37.23597911221441,8.807553109484562,1.770846420818091,0.0
405,13.300405423018233,2.528145605041363,0.0,1.3328003767298924e-07,13.727138605508468,0.0,1.0323827304148381e-07,11.402897693703814,0.0,7.321270387972978,4.114470445529651,0.0,0.0,8.732004174420705,0.0,8.807553109484562,3.235045359245423,0.0
406,10.845053228730206,4.76864442722267,0.0,4.446901506339904,9.146502578052651,0.0,5.3533089250301495,7.5978421312300926,0.0,7.514960903577294,5.412349660092387,0.0,6.990747364842562,4.604302085464409,0.0,10.061806789185972,4.042374987343078,0.0
407,6.213713350674019,14.437468907144773,0.0,4.446901506339904,20.173663205800132,0.0,5.3533089250301495,16.757914507569964,0.0,7.514960903577294,11.93755954945319,0.0,10.676901428441003,8.402277936115182,0.0,10.061806789185972,8.915922873283906,0.0
408,6.213713350674019,28.399790055391918,0.0,4.446901506339904,39.68339626410414,0.0,5.3533089250301495,32.96431367867195,0.0,7.514960903577294,23.482245202303726,0.0,10.676901428441003,16.528030703126493,0.0,10.061806789185972,17.53841614342952,0.0
409,6.213713350674019,10.501397975340906,44.0,4.446901506339904,14.673740065321166,81.0,5.3533089250301495,12.189223098076559,61.0,7.514960903577294,8.683036097906392,88.0,10.676901428441003,6.111574271702195,79.0,10.061806789185972,6.485184834819911,89.0
410,0.0,10.617761853649474,0.0,0.0,12.552271490296398,0.0,0.0,9.105405610393108,0.0,0.0,9.845001777401315,0.0,1.1920928955078125e-07,15.945148893663475,0.0,0.0,29.93775986892357,0.0
411,9.949226947443364,5.440150921631946,0.0,8.415888904054537,5.135946664757218,0.0,11.601737130225969,4.665275168719944,0.0,10.730167931340882,5.044217061092698,0.0,6.625119725099332,6.524192518965854,0.0,3.5286047726477356,12.249475170128733,0.0
412,5.941345637914212,1.3042966890530554,0.0,8.415888904054537,0.846330690427065,0.0,6.928169460302464,1.1185173065488234,0.0,6.4076974793846935,1.2093700535930207,0.0,6.625119725099332,1.075093788832497,0.0,3.5286047726477356,2.018538636556169,0.0
413,4.980440987024793,2.850948656033475,0.0,8.415888904054537,1.3314072268272528,0.0,5.807663995333115,2.4448696670162544,0.0,5.371368895815748,2.643456782399223,0.0,6.625119725099332,1.691286463033013,0.0,3.5286047726477356,3.1754690675163646,0.0
414,2.8800831113803897,3.9093189084388484,9.32857542054262,8.415888904054537,0.6689230293723853,0.0,3.3584485857994175,3.352489370488436,17.401251767580106,3.1061484077686656,3.6247989659319826,32.2527019029294,6.625119725099332,0.8497328552771473,0.0,3.5286047726477356,3.1908259473875527,19.55174297920894
415,1.1151007983656314e-07,8.921623435391552,0.0,8.415888904054537,4.382970596237884,0.0,1.837138534632743e-07,6.812475329261385,0.0,7.300048299185846e-08,10.380072114397603,0.0,6.625119725099332,3.589078897797212,0.0,4.214684867775986e-08,9.75509315772339,0.0
416,6.766089099053859,2.0661159947736643,0.0,5.356619658683926,2.609766195917213,0.0,8.860875951519349,1.5776685043448648,0.0,5.815421958912863,2.17582723056791,0.0,10.19381955872798,1.3713726075962958,0.0,6.187998277389938,2.259135229674853,0.0
417,6.766089099053859,14.25768342024031,0.0,5.356619658683926,18.00926003978233,0.0,8.860875951519349,10.887045129088811,0.0,7.0344263316337425,9.850102952759723,0.0,10.19381955872798,9.46345536250463,0.0,6.187998277389938,15.589654690100991,0.0
418,6.766089099053859,12.275551281239022,0.0,5.356619658683926,15.50557609111162,0.0,8.860875951519349,9.373505978788288,0.0,12.552933684825998,6.616578705364145,0.0,10.19381955872798,8.147826556116927,0.0,6.187998277389938,11.824881978630438,0.0
419,6.766089099053859,20.48805243395067,21.990973434403713,5.356619658683926,12.939502782923915,0.0,8.860875951519349,15.64450182122703,15.704803237291344,12.552933684825998,5.521577403407305,0.0,10.19381955872798,13.598827128789123,54.36579575657379,7.859917610306338,8.211877939339228,0.0
420,8.429369735551973e-08,63.61024869706576,0.0,5.356619658683926,46.393087158742055,0.0,0.0,65.10536101908755,0.0,12.552933684825998,39.3968979905107,0.0,0.0,87.60870523956767,0.0,9.020994525166262,34.79121612000021,0.0
421,12.152343669858617,4.820649976064239,0.0,11.305638789624572,5.181679364724661,0.0,11.873271207684889,4.933955789985783,0.0,7.068245846619689,8.288081157964339,0.0,8.823479428671408,6.639353068684984,0.0,13.197648415845649,4.4388358725249955,0.0
422,12.152343669858617,4.660793193310244,0.0,11.305638789624572,5.009850545660738,0.0,11.873271207684889,4.77034169173061,0.0,7.068245846619689,8.013241458816987,0.0,8.823479428671408,6.41918657113845,0.0,13.197648415845649,4.291640364600109,0.0
423,12.152343669858617,11.752656784246229,0.0,11.305638789624572,12.6328398539609,0.0,11.873271207684889,12.028894293563754,0.0,7.068245846619689,20.206190811028282,0.0,8.823479428671408,16.186621777794635,0.0,13.197648415845649,10.821800958462958,0.0
424,12.152343669858617,37.47829455697411,0.0,11.305638789624572,40.28512887166681,0.0,11.873271207684889,38.359194163926354,0.0,7.068245846619689,64.43594712178192,0.0,8.823479428671408,51.61785883883679,0.0,13.197648415845649,69.01973764806611,8.996126040874515
425,12.152343669858617,24.425332351476975,0.0,11.305638789624572,25.032579497012488,0.0,11.873271207684889,27.478348615334433,0.0,7.068245846619689,27.560918359940032,0.0,8.823479428671408,29.293254774328922,0.0,0.0,42.6240555748331,0.0
426,10.370592091212112,14.30860624788415,0.0,10.67092944860968,13.90588509700148,0.0,8.147225627707746,18.213404853539735,0.0,12.892271590082863,11.509897053729523,0.0,9.956618437995967,14.903525701487334,0.0,12.906566118028824,11.497149391525257,0.0
427,10.370592091212112,2.0460027493923416,0.0,10.67092944860968,1.9884172258500865,0.0,8.147225627707746,2.6043540342476432,0.0,12.892271590082863,1.6458123600008705,0.0,9.956618437995967,2.131070911633447,0.0,12.906566118028824,1.643989558292136,0.0
428,10.370592091212112,5.470320491168954,0.0,10.67092944860968,7.013173440951458,0.0,8.147225627707746,6.963163291952876,0.0,12.892271590082863,5.8048016190430864,0.0,9.956618437995967,5.697764032577592,0.0,12.906566118028824,4.395472963398614,0.0
429,10.370592091212112,1.9861414784369382,0.0,5.507327912273682,7.480020456486911,2.6909429615043337,8.147225627707746,2.5281567062850105,0.0,6.653775336311236,6.1912107957601625,12.402842864932609,9.956618437995967,2.0687207445555407,0.0,12.906566118028824,1.5958902561646058,0.0
430,10.370592091212112,11.040855539957109,0.0,1.0323827304148381e-07,21.867923735651818,0.0,8.147225627707746,13.32014223607575,0.0,8.429369735551973e-08,16.616932375873827,0.0,9.956618437995967,11.170250830275926,0.0,12.906566118028824,8.86446772784102,0.0
431,7.150197663878779,10.990437147249947,0.0,8.846039007303421,8.883501186281586,0.0,6.375480301662994,12.325941622747257,0.0,11.641409067300467,6.7503682381548655,0.0,7.361211892868732,10.675388666831095,0.0,8.915895711727675,8.813898295367744,0.0
432,7.150197663878779,7.114245276689664,0.0,8.846039007303421,5.750399689131993,0.0,6.375480301662994,7.978733766047163,0.0,11.641409067300467,4.36959646925653,0.0,7.361211892868732,6.910310516523285,0.0,8.915895711727675,5.705344880911589,0.0
433,7.150197663878779,2.97779002979316,0.0,8.846039007303421,2.4069289426566804,0.0,6.375480301662994,3.3396365931826,0.0,11.641409067300467,1.4519999353567272,0.0,7.361211892868732,2.8924296195270873,0.0,8.915895711727675,2.3880704758067166,0.0
434,4.202735245467831,4.245978797270426,33.0716466830163,5.199514987759034,3.4319979917143337,17.659248454561748,3.7473727343153906,4.7619295600008265,15.288441762291768,11.641409067300467,0.7664332080727925,0.0,4.326764954737463,4.1242649375578,21.661293768702308,5.240575283937864,3.405108032809087,29.066552843054524
435,5.960464477539063e-08,6.18761030698928,0.0,0.0,5.576730010648001,0.0,4.440892098500626e-16,8.021949652770424,0.0,11.641409067300467,2.4410655325613595,0.0,0.0,6.012979789669618,0.0,0.0,6.183145563254835,0.0
436,7.353681852698908,1.04474715948942,0.0,8.159211205851962,0.9416030586248149,0.0,5.6721520284256375,1.4688136369999014,0.0,6.99869599663286,1.205712137837463,0.0,7.567249448112677,1.0152616588200618,0.0,7.358991880329888,1.0439933013014377,0.0
437,8.595314370578416,3.146107901560515,0.0,9.536853338916847,3.4522325530260853,0.0,5.6721520284256375,5.804399350555221,0.0,6.821077378844858,5.108528902010751,0.0,8.844941789702636,3.72228968068213,0.0,8.6015209699009,3.1438377645418867,0.0
438,12.33431460604616,3.897160062892362,0.0,9.536853338916847,5.040320593971981,0.0,5.6721520284256375,8.47452572585136,0.0,6.068518111976528,8.87759420536615,0.0,8.844941789702636,5.434608777391297,0.0,12.343221103863069,3.89434798917998,0.0
439,12.33431460604616,6.23671240544499,0.0,9.536853338916847,8.06613776918229,0.0,5.6721520284256375,13.5619730449187,0.0,4.760721696434034,32.31676895196781,0.09500004354049452,8.844941789702636,8.69712596704106,0.0,12.343221103863069,6.2322121809933355,0.0
440,12.33431460604616,1.9277231000745387,0.0,9.536853338916847,2.985012661643915,0.0,5.6721520284256375,3.10634327826572,0.0,8.429369735551973e-08,8.402089395895363,0.0,8.844941789702636,2.900605905719884,0.0,12.343221103863069,1.880332768049477,0.0
441,11.479851026320649,9.290254194207947,0.0,5.8423501694637805,14.980706675596087,0.0,9.10635539530789,9.611148520510472,0.0,5.463773869473267,16.018696284971536,0.0,6.98179189652051,12.5358268309994,0.0,12.071136811164628,7.250562689663673,0.0
442,7.361944333686254,3.9288166355332246,0.0,5.8423501694637805,4.950701092726658,0.0,9.10635539530789,3.176213546745524,0.0,5.463773869473267,5.293727386789617,0.0,6.98179189652051,4.1427372509442355,0.0,12.071136811164628,2.3961064993733214,0.0
443,7.361944333686254,2.554783344599241,0.0,5.8423501694637805,3.219282005017964,0.0,9.10635539530789,2.0653897142274324,0.0,5.463773869473267,3.442340993036301,0.0,6.98179189652051,2.6938890540323555,0.0,12.071136811164628,1.7834240045414205,0.0
444,7.361944333686254,6.463511268727309,68.0,5.8423501694637805,8.14466931633637,26.0,9.10635539530789,5.225362737878892,70.0,5.463773869473267,8.709000646308148,68.0,6.98179189652051,6.815443780877876,7.0,9.021068653911668,5.274764219856717,47.0
445,0.0,,,0.0,,,0.0,,,0.0,,,0.0,,,0.0,,
